2146.01
2126.01
2109.24
359.178
-68.727
-67.731
2118.22
381.039
2131.55
-60.395
363.027
29.159
338.476
31.255
296.847
2133.57
2117.79
2134.86
358.019
102.354
-61.887
2136.3
-32.016
-50.265
-52.93
385.447
2128.19
368.826
375.624
112.517
-63.822
378.688
107.526
108.027
371.578
364.69
114.541
-46.009
2135.44
134.933
2139.68
424.907
154.362
2113.37
370.143
2110.64
102.562
2116.44
383.996
2113.52
98.341
98.911
383.266
-44.145
-44.115
2126.72
-37.448
-41.102
2145.09
2122.92
388.722
2119.74
2112.09
-51.6
381.618
2151.18
118.374
107.451
2171.62
388.719
2119.02
2117.78
103.17
379.021
14.544
2104
2107.71
368.375
373.57
46.245
2120.83
2189.43
165.515
375.956
366.452
114.111
-59.363
113.791
2226.86
2111.62
-50.909
371.79
2127.82
106.706
-49.768
-42.803
2110.08
2125
922.436
374.001
374.106
198.633
-19.034
360.632
-29.746
-21.996
-45.836
-37.634
-55.291
377.056
-37.072
-23.782
-29.158
-23.619
363.125
-35.558
-53.279
-35.096
365.616
-49.323
-32.003
-36.587
11.144
-34.262
-37.915
-37.64
-34.034
-42.492
486.676
-37.595
-2.751
-25.195
-6.945
-31.413
371.669
-20.969
-41.824
-11.521
-33.16
-49.974
-32.715
-23.125
-29.509
-20.851
-17.094
394.394
-57.441
-39.259
406.748
-28.737
369.889
-41.914
25.357
387.691
-31.897
-35.825
388.396
-31.846
450.289
-23.518
370.699
445.178
34.249
401.826
-10.387
371.408
-40.514
452.826
75.207
454.951
-30.191
379.92
-36.433
362.579
-43.572
72.306
387.185
-17.474
359.129
-39.631
383.761
-5.164
385.38
380.301
438.633
375.042
978.189
