448.848
429.736
431.754
451.892
425.827
434.604
2157.59
440.558
2156.2
428.456
430.739
438.435
425.96
2216.43
2154.92
494.42
2166.42
454.073
2180.95
2187.82
445.87
2153.25
442.191
2171.97
454.725
2154.15
478.568
2180.98
2182.3
501.859
455.396
2168.5
445.339
2169.99
2187.53
587.302
208.932
2179.41
443.183
137.004
321.909
120.066
2186.57
28.856
11.583
769.292
246.848
209.7
547.815
302.867
343.821
193.059
573.626
417.882
206.804
615.281
442.542
502.776
354.044
453.49
251.952
3743.81
2349.9
575.89
257.876
249.372
507.756
151.398
193.991
280.221
324.922
234.014
267.318
467.86
216.113
176.801
220.167
430.319
494.194
2509.21
76.325
44.621
93.053
108.595
75.219
157.279
155.35
2217.45
63.768
55.35
75.035
54.633
48.616
488.85
106.324
36.173
105.248
85.174
64.726
53.458
21.952
608.051
169.379
724.921
223.86
368.03
209.971
367.917
402.845
861.775
1521.02
202.574
405.55
447.595
239.912
585.737
362.799
2363.41
268.682
121.999
231.75
123.694
86.438
211.906
597.304
160.219
110.962
87.212
133.584
2300.64
147.08
131.262
136.034
2219.85
561.26
157.438
118.868
72.065
169.389
167.397
114.203
53.726
131.214
83.876
519.004
41.423
117.827
38.059
2229.7
548.859
97.954
104.85
77.538
82.058
124.487
134.83
44.312
2297.95
182.949
120.523
560.751
61.996
40.26
62.299
2218.46
36.172
49.911
42.306
33.063
86.216
20.081
107.803
33.1
77.35
84.224
98.877
26.758
19.736
35.199
55.133
2261.49
36.977
21.131
54.225
170.494
447.229
749.311
722.105
1835.53
1689.83
1628.79
2276.14
1158.45
1706.72
2126.04
1841.25
2006.27
1161.67
3504.61
2272.73
446.506
2234.09
1000.96
342.181
367.785
519.294
282.889
311.532
431.206
3503.95
180.717
476.943
598.284
252.106
286.468
2442.11
457.571
212.284
33.094
102.583
86.4
45.436
129.425
158.909
209.756
2202.07
63.512
80.818
56.137
110.123
2188.76
33.869
98.073
111.163
34.204
51.701
31.819
68.904
2187.19
138.111
70.852
39.826
35.992
41.179
2280.64
7971.96
3043.57
478.548
12633.9
14343.8
12200.9
8878.81
14679.3
10686.5
11642
8651.14
13404.5
14383.8
5698
2387.32
2204.57
2206.79
467.254
2159.91
2179.15
2170.69
615.43
2268.68
571.111
2265.74
513.282
462.719
2233.35
2235.73
2305.49
2246.45
477.328
2254.16
2215.36
2191.05
439.617
2156.29
2218.42
2209.44
473.744
2187.95
467.429
2183.46
2200.79
2189.07
486.83
2208.56
2176.83
456.573
438.546
2206.15
2198.79
571.884
2292.24
438.752
2156.55
447.005
2210.38
2231.4
511.991
2205.49
493.666
2203.12
498.8
2260.22
498.518
2172.63
492.439
2173.58
521.88
2242.49
446.334
516.659
2160.87
518.516
2167.28
2194.21
432.881
2226.62
484.295
444.047
2336.68
537.777
535.83
489.152
474.947
486.867
467.538
455.028
525.798
2290.98
445.486
2196.7
2200.28
443.261
2207.24
456.181
2308.83
470.965
2216.45
2222.48
7013.4
716.087
5338.03
2282.04
2236.51
578.936
2160.88
2202.55
744.057
2163.82
2177.25
442.422
450.402
3108.05
439.438
427.548
495.953
2226.25
440.76
2150.61
488.144
2203.35
2190.74
549.644
2297.76
493.749
2153.3
444.408
2168.52
429.38
2176.58
456.131
2148.44
2196.63
2162.76
451.59
2172.88
488.692
2206.1
2182.58
450.806
2160.59
446.494
2156.8
2188.11
2184.55
438.127
454.113
2172.02
2168.24
446.678
2164.31
468.162
2188.25
463.791
2196.89
2246.83
442.406
2172.57
464.028
2172.89
425.903
464.049
452.223
453.763
2252.94
2190.17
440.701
2182.44
473.108
2180.5
465.45
2194.59
2158.67
450.778
2163.6
1413.36
502.231
2229.18
437.98
2205.66
2172.08
494.572
2428.9
453.406
452.518
486.546
1400.98
503.472
2208.84
451.895
445.651
2186.21
428.867
2179.13
2180.09
463.672
454.555
456.023
2177.27
445.286
2167.71
450.983
438.05
2179.59
446.268
440.673
2167.51
458.791
2181.92
456.8
2182
440.682
2176.56
443.658
2160.25
451.286
454.457
2167.68
442.206
441.672
2269.9
438.192
2162.7
432.132
439.623
436.059
2152.13
440.591
2172.57
2187.75
546.232
2213.89
464.432
2204.61
442.015
2153.46
2158.15
433.377
2161.65
2208.14
444.568
2165.89
441.331
433.414
434.043
465.933
440.424
476.882
444.794
441.596
432.129
444.912
2178.26
2159.74
449.465
2157.59
2184.69
2156.04
444.607
2174.46
438.51
2160.18
2150.24
449.836
2153.63
2173.95
487.088
2192.64
2177.53
2176.7
2157.24
451.621
452.107
446.677
2182.07
2167.54
460.668
2163.6
2185.94
447.976
2197.55
2165.39
453.688
2155.26
438.726
2164.44
2168.51
2179.22
2160.12
539.609
2184.38
2189.67
431.387
2171.49
2156.8
2173.12
438.596
2189.87
2187.56
2160.43
559.663
2222.4
461.461
2178.69
457.665
2198.74
2182.39
2163.86
444.407
2169.72
530.217
2162.44
2172.64
524.667
2183.41
449.546
2180.44
436.232
440.447
2159.76
433.935
496.373
2321.95
631.873
2340.87
497.571
2170.92
2154.44
441.036
514.854
2187.3
436.28
2189.47
432.72
3333.9
642.878
2409.94
475.15
473.022
479.235
458.894
520.127
4716.66
2302.89
2170.84
455.92
2173.57
463.365
2171.17
434.665
2175.55
2181.53
515.377
2261
442.232
2168.43
450.82
2184.35
2178.07
452.294
520.079
2163.01
446.355
2170.53
469.664
2156.63
452.398
2193.6
2225.84
2173.56
2160.61
462.461
2193.2
449.85
428.12
2180.31
436.337
465.336
2224.54
451.966
2173.38
442.171
2156.84
458.864
2192.14
443.508
2172.28
478.23
2171.09
467.246
474.192
447.379
2203.29
452.364
2160.86
440.7
2232.38
441.814
2244.62
464.415
439.622
452.137
450.983
2168.2
459.501
465.064
2188.12
478.667
465.179
2209.58
439.814
2172.57
448.354
484.289
2227.91
2166.8
460.424
2302.15
437.148
2168.4
568.469
461.083
2182.59
482.211
5808.32
2197.39
2161.91
