3120.29
2166.35
2182.23
2158.09
2178.46
2199.48
655.785
366.687
205.035
232.686
356.278
152.504
278.692
284.921
434.31
290.031
458.639
171.54
161.07
378.996
405.675
2455.85
137.771
125.24
115.4
156.295
96.67
91.953
2195.64
493.359
93.08
85.333
23.088
77.001
88.446
81.723
85.166
78.477
90.635
109.443
73.621
61.197
48.287
61.588
65.828
499.084
53.2
64.393
67.2
46.177
45.95
175.753
543.586
145.759
94.505
146.606
109.358
38.071
96.237
2374.25
45.701
57.675
69.273
51.947
71.058
53.462
88.89
99.838
71.936
56.104
57.966
40.218
83.097
55.031
102.002
72.337
99.591
2245.75
605.509
146.416
121.989
129.671
113.299
136.253
623.506
224.855
281.209
185.486
121.546
83.871
396.941
230.777
501.331
219.864
353.007
570.908
169.245
145.783
372.206
2983.83
470.944
53.087
184.339
59.033
30.849
51.493
206.242
182.146
66.17
5228.16
526.016
261.344
188.377
140.384
275.311
328.403
386.487
663.16
118.783
174.305
204.608
393.729
608.786
110.707
444.01
2404.55
61.08
71.3
94.15
82.853
126.51
92.953
86.73
523.497
62.494
98.164
65.097
84.879
112.807
572.034
95.698
75.732
488.295
79.387
96.934
60.799
60.836
121.177
76.018
149.936
158.077
581.697
75.305
71.579
33.839
113.68
513.604
45.501
147.038
140.689
2222.02
504.778
111.74
231.938
129.084
101.259
229.457
2262.57
56.601
136.698
40.063
159.349
96.761
2206.65
518.967
64.699
82.569
117.803
100.682
467.386
54.562
2191.42
106.433
89.917
86.931
80.429
468.258
62.157
87.68
61.281
48.239
95.396
2227.91
491.822
95.63
57.485
2204.94
135.563
180.251
75.205
82.216
532.609
107.454
121.933
2226.26
469.387
66.563
46.336
43.284
43.123
92.818
2255.88
619.157
193.001
556.892
193.177
376.834
1874.48
138.136
95.215
353.853
135.496
100.179
116.073
99.336
267.127
2333.7
479.104
72.251
69.146
103.379
2226.29
501.595
75.314
119.605
70.546
107.774
109.629
497.698
41.633
117.812
23.894
461.453
87.931
51.913
2323.98
2194.69
104.686
57.759
73.305
38.655
93.642
2230.71
497.235
59.704
92.33
93.494
127.578
55.109
111.209
47.088
2278.65
633.289
176.709
90.021
103.8
2285.34
2274.94
585.133
116.706
62.599
197.298
74.683
108.166
2231.25
466.895
53.645
125.153
2238.42
621.405
258.28
1055.46
2109.99
297.251
3030.58
1197.71
234.726
321.609
268.632
329.617
2192.37
139.351
127.131
173.752
129.85
80.068
2232.42
452.691
94.347
47.254
2230.54
46.94
2242
516.558
34.31
94.857
89.197
2207.45
2269.16
525.57
61.754
102.266
506.181
14.914
69.4
2215.58
521.002
49.195
22.676
501.37
631.298
3877.11
750.083
3363.47
4509.97
2336.96
455.489
2178.22
454.666
2198.47
2179.75
2177.34
456.794
459.626
2235.12
2281.25
505.028
2237.63
2175.36
472.038
460.451
2204.12
2230.42
477.33
2202.83
441.834
2176.12
642.552
2293.99
566.044
2194.46
442.041
441.268
2181.92
468.375
2265.27
2168.62
474.087
2173.15
441.037
473.638
2215.39
2293.56
526.633
2192.54
2235.41
511.283
480.061
488.696
2236.6
2192.73
466.847
2182.68
531.72
1614.45
487.296
2266.49
2198.89
448.615
2185.93
469.121
2428.1
528.884
477.967
455.96
444.726
449.46
486.103
450.957
448.884
470.194
2203.45
457.014
2160.83
2168.2
2161.49
435.757
2177.09
2187.23
452.563
2153.4
2161.7
458.47
2159.84
461.779
2174.3
2171.65
481.374
2174.23
472.057
440.541
2171.87
2179.51
2186.81
471.608
2193.88
444.606
2170.94
458.916
2229.57
451.755
2217.59
2174.04
2166.05
464.171
2172.15
454.969
2183.13
466.65
2218.37
455.857
2178.63
464.243
2175.46
2165.65
446.37
2203.97
2190.08
460.772
439.162
2202.12
2165.03
509.805
2177.03
448.879
2187.61
460.092
464.778
2186.97
457.052
2237.52
2164.47
454.118
2195.79
439.665
2187.89
504.313
2248.76
460.341
445.383
2198.14
2175.21
466.18
2189.21
460.163
2166.36
497.269
2245.3
2181.59
462.421
546.577
528.219
455.609
459.641
454.38
479.615
534.803
3208.5
2183.44
2176.6
450.036
452.787
2166.93
470.155
2192.79
446.014
2210.09
454.663
2175.46
565.385
495.351
2209.73
2170.62
436.661
2159.49
464.999
452.168
457.189
453.384
472.516
454.674
2196.68
446.386
2198.09
450.601
438.448
515.089
442.826
1352.65
465.125
2166.14
453.972
2186.85
443.437
2164.68
2177.67
2171.81
453.353
2177.11
454.835
2198.51
449.08
440.544
2167.38
444.925
2184.59
507.548
2190.69
465.303
438.705
2171.59
2171.52
487.022
2216.19
438.583
442.348
2177.4
2172.59
439.748
2157.48
2205.43
516.244
2249.41
2182.08
464.394
449.962
2201.64
2261.25
533.494
2185.12
444.269
438.204
2175.51
2190
458.335
446.57
451.552
2178.82
2160.26
441.276
2182.41
2174
438.382
2168.62
498.811
2221.44
562.187
2167.38
2170.85
435.514
2163.02
451.589
2179.07
445.163
2173.16
2176.56
481.676
2199.14
517.05
467.121
2202.82
2177.09
439.028
454.984
448.006
5177.85
620.932
8451.31
2396.5
442.503
2163.61
461.111
2182.22
455.792
486.141
2190.95
477.673
450.974
2173.09
435.101
460.453
479.542
453.383
2183.96
469.128
445.092
2169.21
445.852
449.561
2174.8
2197.79
501.241
2192.98
2226.44
468.409
438.553
443.91
462.116
457.844
2172.48
2165.59
454.205
448.48
2201.56
513.794
2166.1
506.599
440.357
2256.21
2168.69
2164.03
443.259
437.365
2179.44
2201.07
454.535
441.658
2204.67
557.428
2287.5
433.667
2183.07
2178.16
442.24
2183.27
447.686
2173.92
445.795
2172.78
459.511
2183.96
2185.72
474.853
2223.15
2171.7
454.921
2182.27
478.339
2171.53
457.323
2168.06
533.388
2259.11
505.704
2215.29
2173.9
450.762
2181.33
455.511
458.113
2179.51
2176.64
458.163
2171.65
2165.67
461.16
2173.96
450.933
2171.55
445.645
2172.24
472.599
2184.5
