2208.89
2122.52
2224.9
2206.4
2135.08
2138.78
2229.36
2218.75
2122.74
2114.89
2191.73
398.328
2168.57
383.324
2158.01
396.888
2153.55
433.852
2214.72
388.494
2218.11
368.989
2143.11
504.845
2181.09
393.178
2139.25
532.042
2141.12
390.901
2140.72
379.579
2144.99
370.426
2129.44
465.77
2202.71
370.124
2143.93
386.738
2135.38
403.547
412.488
429.903
-4.457
73.59
2271.1
-28.072
2198.73
-19.234
-0.438
2184.88
-13.264
2.591
493.201
27.824
64.62
44.419
52.273
78.015
95.055
39.272
2227.53
-9.538
-9.272
-2.184
-1.795
0.667
-5.216
382.931
-12.49
2132.92
4.704
5.347
-20.404
20.944
-25.758
-17.461
-17.201
8.88
-13.689
5.309
-5.471
4.938
-2.686
2160.69
390.309
-3.529
8.548
45.92
-23.045
50.744
2135.23
392.608
-7.35
2145.02
5.717
9.317
2166.27
-0.146
0.588
5.813
-12.334
-8.619
6.109
400.707
7.621
2194.78
-4.409
-17.693
-12.641
2137.59
-12.727
446.913
2153.18
396.396
220.533
159.618
-2.23
137.836
244.259
223.225
302.667
2484.66
23.977
20.566
-4.211
7.76
87.216
2191.28
7.813
57.738
394.773
-11.628
2117.77
18.069
474.206
272.781
676.974
387.466
392.599
493.65
88.216
352.203
2313.51
89.166
431.322
40.392
34.318
-7.065
1.604
52.741
403.053
74.861
84.421
31.505
825.61
972.48
575.411
1486.1
1201.84
579.902
952.246
2286.88
393.289
2194.68
402.978
411.753
2119
385.265
2180.05
424.083
2161.11
412.553
398.662
403.239
406.268
2166.51
2164.76
391.487
388.124
409.234
1611.29
363.379
2154.34
1784.09
420.732
389.84
2245.74
438.092
389.226
2217.96
408.27
365.504
383.529
2253.02
400.614
380.226
2203.46
286.122
296.491
1.408
10.703
2156.78
2124.5
157.654
2286.38
419.402
397.045
2261.39
499.557
501.649
524.124
495.478
85.022
69.346
100.854
2222.14
2194.44
414.785
118.09
35.005
479.223
78.651
2259.56
421.066
112.297
84.339
82.587
2210.24
418.421
89.084
120.922
438.857
2200.97
42.324
41.414
413.856
2188.67
444.262
299.676
712.025
308.725
933.977
298.541
313.837
2294.48
426.292
160.125
384.086
395.229
376.627
384.243
430.463
407.308
2163.38
405.475
415.616
2137.04
391.114
598.322
158.686
8.296
12.001
2191.74
412.396
22.895
35.82
26.153
2136.78
489.284
260.739
2152.33
553.049
23.727
305.364
301.602
50.395
11.392
2170.03
401.896
-8.047
50.01
2143.26
404.523
-1.16
424.32
13.333
40.967
103.285
131.26
224.632
14.345
-18.893
2125.38
420.581
32.673
4.125
392.856
9.92
73.692
2162.05
72.648
68.27
56.277
61.193
2160.21
59.288
2152.52
410.759
0.552
-1.899
55.112
-18.421
2182.2
15.35
27.81
4.198
703.352
769.86
650.472
260.29
234.994
243.75
255.798
658.71
2350.92
394.534
2403.11
410.898
2192.27
417.036
380.076
2142.8
432.382
2184.44
389.599
2123.6
427.606
420.189
988.689
2142.07
1270.51
488.359
2130.19
390.965
412.807
372.64
2161.64
2187.79
451.075
2203.51
498.486
2157.85
498.673
2123.8
1527.44
2141.3
1565.7
2190.98
178.266
457.637
332.327
326.555
422.288
2294.44
144.541
2216.48
168.073
444.458
2168.39
190.67
412.787
2142.05
428.856
150.214
397.266
2213.99
390.125
199.56
183.009
199.155
2135.79
407.653
402.245
269.977
291.307
293.63
2157.34
391.636
458.187
34.46
31.806
2316.46
462.545
297.947
169.524
309.887
306.022
70.882
1118.75
773.245
2418.11
26.304
56.016
480.924
153.682
152.542
111.77
142.133
143.295
388.781
2171.41
382.671
2189.37
405.205
2169.7
2138.97
2164.95
708.781
692.449
690.456
369.318
2125.95
374.895
182.748
2156.88
186.277
201.924
2136.34
392.464
2116.87
404.574
2177.38
380.016
2144.03
2184.42
2145.72
495.037
2167.15
492.293
2155.35
393.794
2117.81
2188.06
431.977
2189.43
2134.91
426.481
2168.5
2137.05
2138.16
391.655
