3306.8
2111.53
2106.2
2170.43
2104.5
2174.86
2173.63
2124.54
2102.4
2125.47
370.704
2148.53
388.668
2148.57
386.175
379.538
2125.14
388.33
2168.74
2162.78
427.103
2146.24
388.009
2131.21
2122.16
397.322
2140.54
2127.85
396.022
2129.76
2192.71
373.504
2147.12
398.301
391.09
2184.87
2134.51
2177.81
394.526
2133.82
382.212
2221.69
2123.95
392.338
2151.92
380.504
390.97
2167.48
409.664
1185.73
429.731
1442.28
1397.43
2029.34
1410.6
1626.04
1186.65
1621.55
1394.94
5086.84
2215.65
449.273
2218.78
923.84
1089.56
1096.48
1116.57
379.402
2133.22
892.99
895.478
2151.61
417.031
419.728
1101.31
916.833
2192.88
443.527
1061.42
1066.75
904.537
1066.39
933.942
391.106
2213.59
399.799
1069.84
484.098
2145.82
404.982
1073.81
1071.03
388.378
1087.53
1086
1082.72
442.336
593.954
1379.68
1149.86
1375.8
1205.71
1205.76
989.714
2349.41
890.663
2395.32
2098.93
2096.5
2308.75
2087.52
2332.21
2333.45
2229.57
2197.71
369.49
2123.8
2161.72
1869.09
1865.47
1871.67
421.292
387.659
599.549
2176.74
2174.74
2167.3
392.123
2159.64
2122.48
390.046
2132.18
1763.63
1764.14
918.457
933.144
2145.16
631.275
1010.62
2851.35
1036.12
1044.59
2210.78
4248.19
409.478
918.602
949.426
1174.29
1053.83
963.103
980.411
1034.24
983.506
7751.48
2192.46
955.891
919.235
949.565
415.803
927.983
946.101
424.925
1063.16
943.971
949.035
981.041
1078.36
1067.25
1036.23
976.85
2213.78
415.023
951.672
920.104
2172.98
917.606
922.568
922.497
395.255
924.208
898.396
948.044
928.114
913.747
909.261
897.593
2113.65
403.799
835.832
1193.08
1178.35
1217.7
1044.18
1138.37
1282.65
1220.79
1080.42
2234.1
1038.55
974.162
987.665
1000.14
546.303
1214.74
1116.69
1104.18
1608.81
1075.82
1135.16
1108.87
1010.48
2707.27
454.93
952.152
938.034
942.401
969.749
913.001
909.665
400.131
918.219
377.712
1265.69
1012.07
1141.48
1369.32
1132.55
1383.06
1044.66
3914.81
2180.86
1054.6
409.897
2139.82
970.55
973.435
479.402
950.78
970.167
963.061
2167.05
406.402
2140.03
417.29
959.44
986.495
991.929
2153.16
966.872
976.774
398.711
2189.25
961.496
2120.46
2700.6
380.929
4680.01
3845.52
1529.38
1128.73
1114.55
1110.9
1341
2552.34
410.451
607.991
1170.29
1436.67
1373.62
1401.76
1380.06
2210.51
373.242
973.155
933.659
985.113
2135.95
394.906
915.481
1362.82
910.988
894.474
2191.86
999.732
1945.51
939.278
911.775
2137.07
904.478
2131.89
899.169
2126.9
896.948
2121.05
894.933
2137.95
883.686
2117.57
910.469
929.432
909.34
2165.41
893.435
894.896
889.421
910.786
2145.18
2179.02
2131.44
2141.71
2168.32
2163.22
2141.6
2128.78
2110.53
2143.27
2200.98
2158.72
2131.87
2110.92
2155.96
2193.21
