2145.35
2152.97
2158.96
2142.26
2160.84
2156.31
507.581
132.279
369.423
357.466
126.116
165.165
336.182
129.019
107.503
413.006
120.506
121.169
93.175
116.028
68.066
176.862
2230.28
104.948
696.708
736.219
304.959
355.35
629.077
351.897
400.793
230.92
474.773
489.762
225.677
247.455
800.686
713.282
285.07
276.922
6225.08
2502.82
472.068
206.018
147.116
40.709
50.307
142.505
180.609
107.787
181.211
202.615
143.455
128.415
2232.97
504.316
105.043
111.229
103.952
125.673
68.775
75.414
117.883
127.322
2165.13
520.898
115.181
50.053
580.702
61.716
97.666
43.595
162.666
101.239
35.264
122.396
75.331
108.615
140.162
58.977
493.302
85.238
42.801
510.134
61.767
117.725
103.882
2244.75
492.668
132.214
96.343
117.331
125.181
66.099
53.224
70.691
24.129
127.886
88.62
497.328
85.354
120.181
56.753
125.26
106.467
57.041
100.114
553.358
118.28
522.964
559.454
296.799
456.695
155.85
213.294
291.579
505.986
348.45
138.012
189.676
504.192
314.24
146.34
2234.13
460.343
102.391
73.65
73.79
84.75
98.795
77.51
123.736
50.555
61.267
2213.91
46.288
2187.32
503.187
62.004
100.829
92.529
98.82
73.185
2214.99
477.886
83.527
57.462
70.732
68.64
85.459
73.447
72.059
43.857
97.04
60.829
57.737
507.738
70.954
64.322
32.306
454.727
15.521
54.158
2196.96
83.47
536.741
37.156
58.688
2223.24
104.745
130.898
58.189
75.411
45.802
53.709
126.453
151.327
68.135
64.524
95.184
72.973
45.861
122.325
2243.61
67.852
60.917
67.865
108.819
76.757
75.666
60.267
79.207
52.645
54.519
2198.54
591.623
145.79
567.254
179.279
518.174
377.251
366.375
631.786
91.375
419.737
260.119
215.733
394.529
290.747
386.956
111.719
104.617
4157.69
2245.47
109.171
40.446
49.426
484.499
205.508
41.896
293.734
183.576
226.296
210.497
168.004
234.049
159.525
202.399
310.115
198.529
2347.72
447.703
2193.68
77.751
114.798
555.59
58.265
77.997
120.731
109.901
541.007
103.548
2262.05
1453.83
591.544
5058.83
190.166
199.939
124.723
3032.28
5276.62
2085.23
6049.42
53.088
252
115.956
5874.98
2333.84
490.778
118.101
57.025
111.955
49.294
54.345
62.688
2224.87
472.188
86.359
72.689
2209.66
45.545
2162.03
476.468
78.989
84.035
2225.01
522.752
60.321
167.134
98.012
489.77
42.898
2168.76
549.054
119.328
123.599
130.113
2270.16
565.452
145.587
83.466
64.623
483.711
102.712
2197.03
29.777
158.166
2240.61
535.045
104.37
98.792
2205
480.566
2168.41
38.596
47.164
98.73
2160.47
45.718
507.559
66.553
2212.07
498.418
34.983
167.26
164.049
472.504
139.864
136.08
2391.22
458.303
38.303
65.128
2277.47
2200.81
513.128
128.751
2222.34
550.233
115.002
68.606
2220.57
497.062
132.812
80.433
467.618
120.762
2181.77
54.361
482.843
172.826
31.583
536.222
180.941
2264.66
475.486
22.044
2213.44
560.288
126.466
2180.06
509.677
463.906
82.085
2237.07
22.887
2237.78
561.811
2259.3
557.755
137.84
2302.95
2225.69
480.903
105.399
2162.55
450.988
2246.31
471.006
2248.78
2175.36
622.267
2477.01
474.841
2221.39
2188.2
2156.49
2157.47
2159.22
2163.07
2145.16
451.282
2155.54
472.738
555.494
2172.4
454.185
2168.38
2152.48
435.265
2167.02
451.153
2158.59
463.56
2195.6
437.663
2156.37
430.687
2170.41
2161.82
433.853
2164.44
434.084
496.445
2226.12
430.114
2162.23
2179.04
436.424
2161
434.776
2157.69
480.459
2178.33
451.203
437.323
2159.82
466.99
2173.35
435.182
2171.58
2173
430.902
2153.29
424.899
2169.03
2187.28
424.727
2189.21
2187.48
435.227
2151.39
428.988
2157.26
2174.95
421.02
2174.38
434.305
2150.21
450.157
2167.07
442.754
2151.73
518.151
2175.57
451.546
2164.87
438.65
2162.23
450.305
456.422
2178.19
442.522
525.042
2239.82
458.538
2149.93
447.03
436.372
2181.31
466.316
2162.88
433.088
2153.98
440.471
2163.04
459.743
2152.21
432.367
2151.16
2159.03
446.319
2154.95
467.62
2165.7
436.683
2165.65
433.918
493.534
473.475
2169.28
436.062
2160.93
459.135
2161.53
2145.67
429.116
447.842
2199.58
2148.55
455.517
2157.6
440.346
2162.69
460.248
586.806
2344.73
455.568
2184.74
446.118
450.731
476.095
436.535
449.754
448.05
464.56
475.174
488.392
436.614
460.311
2198.76
469.012
433.821
2157.7
463.505
2199.66
2187.37
440.991
481.838
544.05
2316.37
2178.09
2171.44
2150.29
441.312
2193.46
466.426
435.07
2183.71
443.797
2158.58
455.712
445.422
2214.31
459.131
435.549
2193.2
2160.69
468.656
2102.22
480.677
2302.26
2220.44
448.722
2152.86
443.255
2164.14
489.986
472.555
2205.39
445.409
476.196
2173.32
438.748
2193.26
2163.27
470.808
2162.28
439.61
2165.15
432.378
2144.87
459.213
2167
2165.01
2161.69
447.925
2163.43
2216.25
440.114
2168.37
450.657
2153.16
455.113
428.958
2183.31
511.495
2151.36
451.579
2172.37
466.376
426.752
2163.04
437.804
2159.93
467.416
2174.27
441.254
2169.49
519.755
2192.06
439.907
2160.73
2153.32
456.406
2168.86
2172.17
2171.4
464.795
2189.78
2156
445.587
440.057
2161.43
444.636
2166.8
2160.43
2174.94
2157.25
2205.96
2187.24
2170.35
2164.24
446.093
2160.11
2188.57
460.516
2196.05
457.945
2174.02
2163.95
451.812
2243.21
497.366
2151.07
446.771
2166.4
443.212
2169.04
2175.22
421.548
2161.65
449.094
2144.18
491.436
432.464
2208.02
2167.47
451.111
2150.06
427.797
447.195
2172.18
2166.84
434.02
2161.93
2170.15
432.542
429.248
472.407
2187.54
498.128
5718.96
2255.38
485.438
2191
454.774
2150.87
424.794
438.091
2181.96
443.896
556.716
2186.51
468.658
3362.6
2162.99
521.682
2243.61
2160.28
449.438
500.373
2224.25
2181
445.764
2190.89
2161.64
456.808
530.648
2249.57
2175.26
476.732
2199.43
2216.25
540.639
2235.11
434.398
2160.42
2167.24
2167.61
437.818
2161.27
499.052
2188.83
2189
448.41
2161.87
2155.64
2161.64
447.001
2231.39
486.15
2168.53
2152.46
493.017
2305.39
512.498
2200.08
2172.64
447.574
2231.65
462.295
2204.59
2161.64
2165.78
447.598
2155.8
472.89
2272.57
2155.55
451.109
2173.04
504.861
2169.51
