2218.52
778.752
67.86
333.609
109.698
216.209
218.773
61.148
336.096
76.536
124.709
337.888
226.034
197.2
96.205
257.6
2285.46
47.208
50.726
44.165
25.991
54.071
474.142
38.243
22.432
40.256
42.687
33.704
38.739
27.11
28.413
51.598
23.864
2249.58
15.749
47.734
63.612
41.197
501.653
59.984
66.223
57.244
61.293
81.479
54.179
31.82
2207.95
5044.64
462.687
292.439
177.282
643.203
81.351
440.252
105.368
164.684
135.295
66.663
81.918
62.633
393.298
116.573
339.573
10981.1
2173.41
44.684
101.62
81.881
35.232
83.815
478.295
49.489
2190.39
83.943
80.806
85.326
87.039
133.179
70.813
34.428
41.739
83.37
129.534
2261.6
489.841
41.683
99.272
68.941
86.574
83.827
476.036
169.643
113.483
3.761
2297.64
26.095
132.08
84.233
76.006
53.599
2225.17
479.478
35.851
32.224
46.787
66.022
79.671
85.461
66.042
2231.33
487.902
73.564
14.758
60.132
31.484
2179.68
49.812
44.706
24.477
26.356
8.529
25.506
29.333
466.909
36.415
69.36
2210.96
194.385
41.089
163.501
42.062
31.362
103.907
79.083
48.04
59.643
569.925
47.236
114.65
125.788
2303.17
499.017
37.047
63.113
83.246
51.431
63.841
2197.53
447.235
22.324
24.317
58.32
10.398
95.064
22.421
588.089
156.883
50.941
15.618
113.189
77.028
2311.53
49.898
2342.64
602.095
809.632
201.913
130.377
218.259
195.233
199.386
16.708
149.544
113.007
2490.95
467.407
466.93
13.051
62.205
11.724
24.852
41.727
22.187
12.871
23.379
505.474
20.882
30.96
58.278
29.626
104.513
54.067
474.582
5.259
452.847
45.78
43.379
3296.69
490.237
119.701
3776.57
3996.5
1714.93
706.595
4342.36
1376.61
2197.91
475.863
-3.933
2182.39
446.036
2194.39
-11.344
2202.28
47.746
2243.3
538.301
2215.86
436.496
2185.11
470.718
2170.78
481.715
2212.57
2210.08
494.645
449.436
2204.4
531.606
4185.45
2190.88
479.07
504.334
457.672
2197.77
445.702
451.372
2174.39
447.08
2165.89
439.752
2247.93
2160.35
2034.93
439.542
2294.51
2209.98
466.402
2171.01
442.156
428.863
2178.31
449.278
2167.58
2185.46
475.111
464.301
2150.7
446.237
443.011
441.918
2176.25
448.868
450.922
436.432
2178.47
451.183
492.347
2234.91
452.148
2171.31
444.314
502.106
446.507
2177.94
465.598
458.033
2190.7
437.585
2161.04
469.983
442.243
443.761
2162.08
441.561
429.8
2166.75
444.592
459.079
2168.55
464.558
434.897
2184.75
467.598
455.716
495.366
2222.02
446.197
2164.92
448.923
472.141
2192.76
461.379
446.813
2186
433.343
463.439
461.31
2179.02
442.229
455.472
435.723
2192.99
453.704
2173.7
457.272
2179.21
582.226
2188.79
2166.02
2199.07
470.176
441.042
2176.81
447.458
428.129
2162.97
435.39
2166.8
442.566
471.019
4936.98
2243.01
2176.41
445.907
2161.61
2199.38
2186.63
2172.43
445.627
2170.03
440.845
2191.39
493.936
2166.88
2183.17
452.987
2157.09
2201.83
448.85
437.534
2179.77
2198.75
451.918
2202.78
447.359
2169.64
512.4
2227.41
454.943
2164.03
2182.31
438.034
2162.44
444.989
2163.09
2242.36
478.426
481.717
2248.46
431.733
2172.09
2157.12
448.668
2162.22
2169.84
458.136
430.538
2159.3
435.773
2166.15
434.429
2158.56
432.893
2158.03
468.133
449.815
2175.37
440.651
2161.86
452.815
437.776
444.797
2233.2
492.933
443.728
2169.56
442.02
2172.33
446.514
2170.28
2155.83
439.64
2160.27
2174.95
503.951
2217.7
506.345
2222.85
2159.37
2178.39
438.943
2159.16
518.668
2235.09
515.095
2175.14
438.642
2163.27
449.642
2550.06
479.777
6844.68
2207.37
454.931
2163.76
448.556
446.532
2176.62
436.847
446.143
2176.77
476.927
433.644
2182.76
444.446
2164.84
458.715
522.584
2286.2
439.321
438.949
465.893
464.794
445.686
445.959
450.712
2175.81
463.747
2172.32
462.637
446.742
2172
454.307
2178.21
2170.66
475.47
2196.53
449.466
532.261
2180.87
2176.38
457.696
2186.72
2165.56
579.675
3443.12
2326.05
6214.65
451.933
2180.22
432.574
2184.46
2223.12
449.289
538.739
443.188
446.849
475.415
449.137
472.74
466.211
444.925
461.994
459.568
2186.55
451.559
2166.57
439.05
485.309
458.934
2162.02
2156.52
2175.9
453.551
2192.28
2166.93
450.384
604.167
2188.68
461.162
2189.33
430.119
2167.05
2168.53
444.901
2183.61
437.916
2169.22
578.833
2314.65
477.721
2200.66
2184.93
513.196
2196.51
2178.35
441.197
2227.4
2209.46
2170.65
2179.98
441.653
2169.93
508.708
2168.57
434.082
450.698
449.343
2240.86
435.372
2215.37
442.249
440.725
2175.91
446.533
454.626
2224.51
442.435
2169.17
475.527
440.77
2184.79
447.302
448.53
2239.05
443.941
2164.57
446.89
505.639
2272.04
2159.28
451.47
2201.15
436.596
2179.72
438.734
456.139
2190.04
493.755
2206.69
440.175
458.547
2169.16
454.843
447.796
2191.39
464.416
438.478
437.827
2198.94
509.064
2229.34
2166.28
462.18
445.647
2187.17
841.889
447.724
4043.75
2163.7
434.863
2183.89
504.572
2172.09
468.455
2173.82
445.279
2172.05
445.029
445.437
2172.75
445.138
2158.4
444.382
2244.86
542.162
2241.53
488.308
2205.16
461.162
454.452
2171.47
434.614
2170.31
471.439
462.835
2159.38
452.454
448.804
2168.87
431.024
2173.55
430.678
2182.1
493.772
2244.61
438.474
2171.85
447.325
449.83
430.096
466.889
443.666
438.246
438.241
481.837
430.693
439.237
2164.02
452.366
2182.03
2180.29
432.647
2171.95
440.535
450.787
430.878
2155.25
2153.76
428.754
2200.39
476.986
2174.82
2164.53
448.693
2178.93
490.093
452.948
2157.38
464.545
2166.71
450.658
459.796
2182.46
446.29
432.42
517.053
2240.87
488.395
2161.56
437.426
2167.54
2164.97
460.469
452.224
444.025
2161.01
448.483
2157.52
450.212
2164.96
437.653
459.986
2164.1
476.729
2171.36
2161.57
2178.92
436.795
2183.08
462.986
2172.3
439.459
453.17
429.067
2177.55
439.182
2158.3
447.478
2170.74
439.435
2163.79
446.744
567.85
570.298
2311.6
2171.38
443.819
431.273
432.512
2162.78
432.907
458.232
2176.82
443.423
2788.38
520.58
2528.4
472.047
433.561
443.053
