2176.46
2176.63
2202.36
2189.07
2196.83
2287.37
2191.38
2191.26
888.298
2408.02
922.868
470.212
484.33
473.013
529.553
481.163
474.536
474.574
467.809
507.295
476.856
483.918
320.872
84.185
2189.17
496.925
58.939
2220.54
68.803
63.523
66.066
494.156
70.586
52.159
79.859
76.505
495.913
2215.17
94.425
81.9
77.02
148.717
678.973
439.14
610.966
595.923
591.578
554.138
590.664
568.968
319.516
339.104
586.316
538.267
555.024
639.209
2690.99
290.605
271.527
261.684
271.299
166.232
251.601
290.989
2346.84
150.739
147.097
150.97
151.762
155.272
615.843
235.355
2287.95
154.232
151.361
134.216
149.393
167.73
582.585
214.798
221.398
224.262
583.063
1881.56
1776.26
1880.67
1767.22
1767.68
1775.98
1880.68
1861.18
1299.95
2274.57
519.033
2212.66
485.806
2248.07
799.654
1117.99
1139.41
1109.28
1127.79
1132.12
2312.24
2206.58
249.076
214.127
252.406
251.302
605.959
495.854
1145.82
1151.43
408.723
1242.17
1024.33
1269.03
409.502
1154.47
115.555
405.106
1175.56
92.361
1246.82
100.668
1133.13
1245.2
2360.59
236.968
194.586
186.514
171.782
80.666
2312.55
524.841
132.37
97.673
125.795
2243.34
523.975
126.234
151.99
143.525
497.455
158.224
109.99
76.167
111.206
117.175
2217.02
498.808
223.237
220.056
118.957
239.137
105.968
99.282
77.401
84.916
139.063
124.009
134.586
120.877
73.45
504.029
112.322
111.589
2231.77
138.069
140.71
660.262
418.091
157.454
397.999
519.963
169.236
375.564
246.383
378.537
191.809
404.451
264.407
422.12
229.285
395.051
368.039
162.982
2239.46
189.847
174.007
180.799
778.634
221.318
269.215
150.876
259.735
194.37
217.82
170.216
179.055
220.721
246.032
204.734
167.731
147.232
2279.54
676.705
377.263
400.117
319.806
123.515
120.263
189.297
116.598
423.404
117.246
125.358
366.544
355.806
277.261
333.298
219.688
310.018
2364.12
155.319
105.797
1954.18
587.732
314.911
281.17
303.499
244.202
182.886
253.154
156.918
141.246
341.181
546.172
428.828
199.564
529.875
204.025
302.211
129.84
2412.05
502.601
1397.92
1188.72
1379.49
1194.03
1583.74
1623.9
1157.42
1264.37
1164.92
1175.33
1166.89
1483.33
1870.41
1391.64
1206.31
1892.87
5456.52
2396.24
526.158
2312.34
635.044
2345.41
537.367
2218.32
608.287
568.623
2259.59
511.193
2267.09
1923.19
2217.14
570.012
255.786
248.573
331.222
311.145
2274.71
678.699
682.95
400.377
380.561
2395.58
266.553
245.179
2259.9
534.499
2293.82
277.109
2252
418.41
2257.68
536.949
529.294
552.289
517.904
547.985
509.434
2344.14
552.78
2195.95
667.336
485.738
291.922
308.034
300.841
2363.88
630.713
2267.05
298.511
295.397
295.425
558.729
2278.73
2260.76
804.974
430.098
276.128
282.789
337.527
872.901
306.48
390.75
309.951
427.695
1546.74
448.943
1554.9
464.123
871.997
395.916
2287.76
2273.22
2275.74
671.242
2230.28
2217.12
2258
101.22
113.118
809.437
772.539
2370.31
195.698
253.54
2231.38
204.323
131.652
200.674
210.909
315.77
194.697
239.348
701.968
214.778
256.268
257.245
290.972
2493.24
217.012
228.27
160.026
214.445
200.208
197.739
173.761
201.753
108.116
89.224
2322.26
135.727
150.921
102.026
144.649
171.796
163.13
140.864
2341.38
95.407
117.821
179.397
196.535
80.966
150.21
81.902
188.495
155.416
2245.59
648.332
144.663
112.138
198.063
152.175
119.457
86.519
166.917
80.938
151.952
2215.41
136.036
167.777
576.718
152.088
138.477
137.393
229.963
150.761
235.434
141.723
197.714
149.027
205.374
129.674
2356.06
187.276
116.334
108.103
191.225
2333.05
647.529
101.001
185.212
156.804
98.503
199.442
266.425
2370.64
538.655
207.919
205.712
223.898
223.151
195.378
139.416
95.212
2325.27
218.932
213.663
224.057
209.114
615.341
195.127
146.774
222.162
134.849
122.89
2230.1
183.005
185.483
243.119
177.95
127.797
85.253
657.989
193.915
217.636
244.616
181.496
217.121
255.356
148.019
2413.41
568.421
178.13
141.821
160.903
2372.41
573.653
170.275
217.573
175.526
139.196
2276.89
156.359
181.755
116.299
137.427
200.48
889.73
275.199
346.752
451.312
385.609
475.698
290.579
471.049
339.578
310.163
459.589
418.902
699.054
357.907
2485.28
579.786
338.548
281.719
209.881
431.884
123.804
529.438
183.48
224.457
138.871
749.153
475.85
219.391
430.227
292.911
2379.24
525.088
113.631
108.112
132.332
534.189
123.966
142.258
64.441
60.359
143.684
2253.73
755.845
180.813
222.034
405.618
258.975
383.782
381.591
485.527
309.921
312.834
130.911
396.876
138.6
113.329
581.296
2318.04
149.569
124.066
157.111
2314.4
175.324
691.992
168.492
124.701
192.338
195.889
181.2
142.801
2221.7
193.357
132.045
579.614
169.6
140.109
184.071
119.107
2261.03
101.239
185.611
108.475
181.67
151.578
2213.78
501.952
124.79
133.28
74.542
141.563
128.813
117.744
134.469
157.803
2255.04
134.78
100.619
176.348
111.035
153.704
203.143
192.847
2284.23
131.418
230.509
2315.31
581.243
132.919
163.1
151.631
159.36
159.842
155.96
122.301
147.989
162.478
171.765
171.9
2345.76
600.205
250.994
204.09
385.136
439.114
226.128
499.348
334.815
236.621
1842.39
394.396
181.664
403.4
594.436
396.921
2462.36
9862.68
568.473
5399.49
6435.92
2244.65
9069.87
4553.7
4027.77
1942.03
6551.63
2555.51
5073.2
2998.91
173.372
6302.92
2261.74
509.654
205.711
2312.99
586.884
256.427
2364.33
529.637
137.844
519.247
2274.24
198.83
2337.6
494.915
2254.98
468.987
145.619
483.872
2255.77
2274.95
491.943
2239.14
544.667
550.418
2232.19
533.052
2242.72
592.345
2251.62
547.288
2227.94
553.624
2286.84
627.689
2282.34
574.837
2272.52
607.768
561.32
2273.16
483.424
3410.41
494.002
496.132
516.314
475.388
3269.51
564.489
2399.04
544.044
478.073
495.271
494.902
486.982
505.691
483.237
544.065
477.112
489.111
485.515
559.971
540.535
520.063
472.123
502.28
494.691
525.91
473.721
482.176
478.626
506.775
470.252
499.265
515.177
495.155
489.891
491.791
491.745
500.472
487.164
482.671
513.79
476.474
497.666
514.15
506.674
497.922
466.654
484.367
543.685
501.761
482.571
481.054
485.917
499.172
496.452
483.268
480.899
472.873
510.101
486.147
476.123
480.788
485.283
471.871
476.007
470.688
469.048
477.533
490.373
475.221
502.629
469.76
471.231
477.404
1694.22
523.685
491.313
479.442
484.069
491.066
492.91
524.202
483.395
501.401
484.79
462.973
482.105
486.876
490.534
475.71
482.237
502.772
514.633
530.654
538.295
487.53
491.64
483.2
470.8
480.37
473.471
501.604
480.78
469.921
472.523
511.922
495.013
470.878
467.057
497.459
518.086
481.459
473.421
495.621
501.683
474.624
483.116
498.548
476.544
474.938
490.913
483.532
528.283
476.684
477.531
474.246
496.992
496.391
472.932
485.333
489.287
476.999
483.293
482.452
468.761
472.141
477.261
484.404
486.676
480.809
488.831
486.616
486.937
482.884
481.933
539.216
482.221
484.583
502.785
469.579
496.56
491.137
514.658
485.251
479.95
479.797
482.329
657.008
486.648
472.039
478.077
477.677
487.443
473.577
481.052
486.222
473.891
525.694
486.553
489.738
482.498
475.448
464.836
466.64
493.154
481.06
475.835
481.47
477.699
473.545
477.025
471.261
467.532
478.7
478.506
473.027
483.35
479.281
482.408
483.976
473.383
486.136
475.095
501.339
484.635
483.284
478.169
473.281
466.461
472.395
474.225
469.372
497.759
468.536
470.315
462.93
476.147
474.07
483.334
486.045
495.689
488.956
479.874
466.91
468.452
471.032
476.467
465.82
475.93
463.54
471.698
471.744
477.608
485.806
477.541
469.498
479.052
463.245
468.216
482.24
473.858
476.967
465.894
489.92
464.728
499.063
490.587
483.11
471.92
469.059
471.651
481.341
473.699
476.397
466.693
467.543
473.083
465.621
472.033
474.411
469.247
477.965
467.519
482.922
466.41
468.345
474.485
502.413
504.317
468.716
467.716
471.551
483.151
471.693
472.706
477.682
498.227
485.194
486.206
481.448
486.286
486.989
470.613
487.147
475.745
467.549
474.626
488.144
476.68
483.436
484.379
531.245
476.644
486.631
474.795
487.018
492.355
467.087
469.671
469.16
480.32
477.77
478.271
491.25
474.447
495.858
473.478
485.344
532.19
486.703
495.617
489.496
494.608
475.599
466.521
470.861
491.325
471.046
3023.08
567.926
491.071
476.292
488.841
472.73
521.001
468.604
479.661
484.9
470.045
484.122
486.431
506.249
493.456
494.5
487.522
498.788
484.797
