2205.02
2115.83
2113.12
2132.76
2118.79
2125.63
2129.2
2109.02
373.735
2112.82
2113.32
362.035
2113.43
363.174
2116.07
374.86
367.539
360.4
2115.83
362.277
2195.89
2118.7
372.407
372.232
2113.76
2103.57
363.771
2116.14
363.599
2130.56
2108.94
586.901
2230.76
385.528
2129.8
2122.51
383.308
2123.9
378.784
386.008
498.139
-7.496
201.22
-0.231
122.717
2168.88
386.705
-73.68
362.4
2135.57
88.747
-70.847
2114.11
386.736
84.66
378.152
-91.537
389.369
2148.36
370.261
367.725
146.636
2128.9
400.592
-87.697
378.269
2106.32
394.138
99.281
86.744
2134.99
95.526
102.343
2135.9
2115.82
138.434
42.964
2125.57
396.39
2134.93
86.535
-77.638
-57.742
385.679
2136.72
79.054
86.994
-67.254
2113.43
-96.029
2124.7
386.12
2126.59
-76.234
-81.653
-77.004
2117.29
362.543
2150.81
99.023
430.302
2122.36
2116.49
386.718
-84.377
2126.96
447.851
180.971
2127.94
570.551
1144.83
288.164
284.855
532.107
2171.08
175.958
183.483
2216.21
515.762
2111.14
382.038
-93.696
-83.872
454.657
468.23
194.237
-50.382
-70.839
2211.88
2185.39
-52.257
370.879
-81.53
-42.533
-77.631
2124.73
-75.738
2126.49
-93.679
-86.79
-98.922
-92.404
386.007
-96.134
-100.567
2137.39
-75.292
-92.576
-93.646
-92.627
378.999
-65.673
-37.627
-54.273
2162.02
-81.615
-29.83
-69.557
2121.52
482.811
-39.396
-88.05
-64.364
-76.502
3146.79
-91.92
370.56
-79.055
22.679
374.356
-100.368
-74.7
-99.444
374.548
685.59
634.926
206.25
350.77
327.228
2298.67
529.793
121.131
2125.84
478.428
11.277
2244.69
384.453
88.531
67.583
490.708
491.94
2144.8
2142.59
311.525
360.211
2135.75
364.696
2122.68
2157.64
391.101
2132.62
374.39
2106.89
103.039
-94.208
89.18
374.371
2106.25
376.764
61.958
2116
380.48
374.117
2120.61
376.639
426.08
429.405
184.516
2208.44
401.13
69.5
69.953
2130.75
364.73
-95.883
390.718
383.414
367.803
2165.82
-63.417
2113.96
375.041
362.679
2129.04
155.887
172.743
456.208
2113.08
374.849
-91.037
-88.099
2130.1
363.09
60.191
2128.51
396.075
2146.89
387.195
2128.91
364.645
64.698
64.17
376.996
-87.925
-91.029
2129.54
-101.078
505.316
197.404
66.098
244.979
-19.642
2778.67
390.655
-117.38
-107.468
385.955
-80.797
-71.668
-10.729
383.289
395.163
-53.852
-58.7
-38.626
358.866
-42.788
-86.711
426.212
-95.534
-98.94
-15.531
377.883
-62.466
19.465
399.132
384.244
-52.665
372.83
58.207
-103.27
-91.232
390.464
401.387
95.391
91.715
379.317
380.818
255.326
418.391
63.768
48.52
-75.306
-113.613
-106.699
375.218
367.819
382.164
56.22
-43.102
390.961
388.057
70.735
382.154
369.831
366.916
59.128
48.006
-108.403
-104.994
389.508
374.907
389.203
378.392
364.738
-3.059
65.55
452.19
249.894
65.365
376.997
60.035
407.553
-107.708
366.772
58.709
384.178
213.452
383.291
373.815
-104.927
-99.722
386.799
373.525
62.048
372.664
491.024
396.354
-51.04
-16.829
-32.156
45.814
-91.69
-12.125
-59.538
-16.733
374.278
388.612
-73.442
432.002
-31.723
-42.056
-88.283
-59.296
-49.94
-40.032
-66.15
-47.012
-101.258
-40.214
-63.054
-87.328
-104.898
-111.83
-109.366
-66.727
566.881
1449.98
-66.306
33.31
-127.863
48.05
-104.305
-109.01
101.183
48.626
50.125
-119.981
-119.498
-119.394
-89.371
-91.233
-102.513
-110.125
-95.279
22.531
40.267
-102.666
-122.222
-105.721
134.708
-124.013
-125.855
-91.393
-71.899
-110.483
-73.846
-88.582
-131.463
-131.339
