500.764
2208.33
432.822
2164.01
452.763
441.57
2189.92
443.172
436.093
2165.08
431.503
446.622
2178.08
454.06
2167.96
437.581
2173.58
444.958
2175.58
2173.84
442.645
2173
2168.83
450.89
2183.35
2183.48
438.087
2171.01
447.502
2161.95
437.396
2170.63
2161.73
440.963
2163.89
446.938
2178.13
450.646
2172.2
429.734
2160.72
2169.99
2158.37
454.262
2184.77
448.322
436.216
2183.98
2213.59
487.058
2182.63
432.617
436.222
431.487
435.027
439.982
440.127
451.744
429.983
429.327
438.021
436.879
429.122
430.438
428.498
429.746
434.259
438.951
2156.74
2162.17
444.564
491.125
2160.63
2407.02
540.958
114.425
141.252
206.823
133.745
224.51
292.446
165.06
296.935
231.469
210.696
168.589
197.511
2189.9
474.095
142.131
136.677
141.306
164.608
139.108
114.74
120.332
110.436
102.73
133.818
114.169
134.452
468.575
118.521
114.775
107.493
2206.63
594.12
156.849
375.052
305.843
204.457
170.391
242.406
221.858
551.147
172.258
161.921
395.58
510.901
2392.09
8605.02
1353.02
718.738
219.246
301.644
382.355
345.462
209.702
219.036
224.793
217.953
317.105
225.595
376.574
459.426
9821.04
2323.74
515.262
134.439
162.905
221.959
187.636
2261.49
466.791
159.998
151.023
189.545
145.964
160.003
131.205
169.887
2281.97
617.377
269.238
256.924
256.557
2322.09
538.421
193.127
179.109
183.15
181.099
270.933
200.024
167.693
2317.95
534.967
179.713
138.873
198.685
2208.66
176.153
146.965
114.928
157.03
122.715
159.379
491.804
217.564
151.977
115.165
204.016
181.452
176.86
143.731
469.103
170.091
130.141
131.313
183.25
470.835
149.686
135.386
146.936
153.451
147.372
181.327
142.09
516.026
168.205
113.34
463.703
150.157
168.006
144.974
202.212
176.326
144.805
498.703
257.791
153.844
141.258
120.623
197.669
183.651
152.527
275.456
216.58
466.94
126.353
174.231
135.791
123.985
103.5
794.489
422.018
604.469
847.323
636.09
704.382
827.244
525.742
373.757
637.388
845.86
570.426
403.031
2462.31
722.881
456.842
536.317
294.379
287.928
458.554
264.079
308.041
252.181
490.006
499.42
335.906
2381.51
503.019
190.539
132.935
226.386
253.103
287.911
243.674
275.571
2250.67
475.944
144.083
2208.87
165.981
186.649
132.805
155.861
195.847
2253.77
533.543
133.076
113.026
140.982
151.033
174.419
2243.65
162.062
150.341
213.976
179.251
184.718
2226.48
1296.29
647.399
245.41
395.884
325.891
1172.16
394.65
235.893
334.565
434.859
277.686
311.241
2267.26
482.494
141.506
171.8
203.767
119.298
88.317
146.721
2268.6
127.099
106.437
115.875
2190.01
458.566
150.02
127.631
450.074
115.957
147.47
129.909
2205.09
180.913
153.1
161.489
192.223
198.618
123.105
144.318
179.497
2266.23
155.858
167.804
162.159
2227.88
127.207
121.089
157.146
459.024
137.944
108.409
136.981
2194.17
226.602
127.785
256.013
579.018
466.167
284.451
367.543
437.67
388.563
394.003
336.682
2423.36
121.489
220.831
153.83
123.421
223.226
2232.53
185.287
172.375
2194.73
116.516
122.882
187.909
144.596
119.477
116.659
130.393
2237.8
492.671
131.505
135.534
146.194
127
2216.53
241.781
237.064
165.24
243.606
2284.15
495.778
153.819
2220.79
198.905
176.007
151.619
2275.38
233.233
2320.57
616.623
250.031
199.368
979.952
1099.19
208.905
2468.2
114.543
104.264
94.253
2288.97
591.628
459.798
644.546
1682.38
2364.48
466.567
2174.76
471.216
2167.21
434.889
2175.43
2188.54
455.986
438.892
453.965
