2098.79
2106.03
2117.9
2123.16
2113.3
2119.97
2114.82
2114.29
2104.99
2111.14
2112.11
2118.72
-105.147
2125.72
-95.365
-81.079
-51.271
2154.66
-9.93
49.33
-8.629
-60.148
-23.591
2218.97
-30.549
2162.75
-80.901
-87.287
-97.072
-77.838
-90.22
2131.55
-82.897
-87.685
-59.122
-82.139
-99.221
2240.97
-53.706
-16.602
6.42
-76.132
-9.855
2155.61
-83.096
-90.651
-79.437
-71.35
-70.233
-70.513
-68.186
-85.82
-70.098
-80.549
392.086
-31.961
387.021
-70.867
-59.14
-90.621
-90.846
-91.109
387.555
-54.35
-81.295
-75.237
-77.154
377.091
-24.748
-14.542
-77.614
391.784
-0.78
-33.95
467.666
403.935
46.433
55.961
-35.385
-28.801
-34.096
-20.671
2142.62
386.041
-48.801
2131.05
-40.933
-22.023
2141.07
-17.452
388.305
2114.24
-47.947
-36.237
379.845
-40.477
-22.967
2186.67
-34.952
2184.28
2156.52
2139.64
374.046
158.007
146.018
2248.34
542.115
2280.29
70.732
98.158
97.482
2204.45
367.891
2117.57
385.133
2151.83
2177.26
2151.25
402.043
132.23
105.304
2181.09
2118.69
419.068
76.097
83.393
92.385
69.002
2121.67
2115.47
373.059
74.366
72.19
78.433
2137.8
403.831
2125.51
2134.08
373.213
2170.78
843.964
328.231
189.899
218.463
383.211
279.704
4117.23
2265.68
538.928
-59.194
34.023
210.231
291.353
-67.605
2151.32
395.288
-96.665
-82.725
-90.303
2117.11
-77.575
376.54
-103.167
2029.45
367.595
601.852
191.607
1463.99
841.945
1047.79
3979.25
2242.57
421.002
315.778
293.277
280.17
388.155
409.829
390.282
2208.37
398.017
467.498
-71.353
-46.609
2183.09
-76.297
-52.7
430.331
-63.672
364.288
443.425
360.674
2218.29
402.857
377.275
406.524
2202.41
573.037
498.89
48.182
33.363
51.032
381.866
-62.956
2143.46
385.771
38.195
52.57
69.619
7.009
-46.432
2154.99
-28.695
-78.299
-62.742
-79.506
386.836
478.385
1681.44
860.984
-88.458
64.373
29.615
2164.95
-43.768
-47.455
2146.32
-89.375
2136.78
-90.438
-100.339
-90.818
-87.812
-55.201
-71.001
2163.3
-88.056
391.592
395.543
-68.718
2171.04
2137.56
-66.047
-60.094
-81.569
-90.397
2140.43
-90.316
504.311
32.121
-85.678
2.64
2208.72
-102.874
2120.59
547.396
69.31
-88.139
2174.19
372.339
-26.09
-9.683
2138.27
-1.041
-1.221
-100.723
2139.47
-100.417
-60.247
383.345
2121.45
-59.819
-96.099
2128.7
384.94
-106.508
2132.63
-73.212
2142.88
373.269
2141.87
-96.697
374.898
-99.071
2148.97
-37.775
-86.089
403.43
-93.873
2199.92
-49.803
-87.774
2132.92
398.702
-88.892
-99.308
393.629
383.742
2198.5
-69.276
-72.088
-92.086
2130.44
-100.334
385.601
-58.72
-69.283
453.026
-77.143
2264.28
2139.04
608.153
51.663
2366.08
460.661
2124.14
-73.605
372.834
416.544
-106.115
395.439
-60.161
445.57
-42.663
-88.757
380.839
399.706
72.892
-11.439
442.763
-95.447
404.208
-77.195
-70.087
413.974
-112.229
577.122
66.524
-100.582
405.161
380.555
-106.302
-90.615
382.644
-79.657
-99.302
512.351
-111.927
393.32
408.834
-85.202
383.755
-85.935
0.507
415.533
412.131
-61.548
393.384
386.609
-93.622
-92.735
370.028
51.171
366.161
396.687
382.369
422.418
372.413
385.326
246.521
370.644
384.176
390.357
428.908
391.196
375.658
397.342
382.458
379.683
384.921
360.537
451.729
371.651
398.819
424.652
400.949
376.81
424.745
434.522
428.904
379.108
382.381
401.812
385.774
397.896
393.519
403.535
374.785
371.914
380.326
366.981
437.483
376.724
426.828
371.645
374.515
373.024
376.059
383.696
366.939
400.1
