519.133
2236.41
608.507
2213.97
2169.8
615.171
441.474
2199.35
2176.66
2174.37
2174.17
2167.95
443.29
449.918
2180.4
2177.98
446.734
450.284
2290.71
437.834
2187
478.197
2177.37
436.348
2182.96
2200.72
447.261
449.381
2190.91
455.323
477.409
2204.15
460.231
2194.28
442.416
2242.47
2229.59
2166.97
2181.38
455.878
2189.83
436.901
443.121
2164.63
2183.23
456.359
2187.76
447.904
2172.53
2179.03
2172.2
462.672
2250.8
2184.86
501.682
2188.19
442.367
2182.1
469.559
2206.09
452.267
2166.85
476.778
2212.88
445.642
2175.09
468.074
2187.78
459.584
2179.63
451.338
529.974
2176.72
461.361
2182.91
441.428
463.907
2166.26
444.394
2207.65
507.58
2216.99
452.386
2214.28
455.187
2179.39
450.474
441.116
2189.7
441.604
2181.86
456.408
2191.14
541.352
2275.41
1266.96
545.705
454.728
148.361
398.802
82.323
64.159
186.629
125.959
234.226
166.085
167.609
265.968
485.341
258.403
13567.8
2272.34
113.428
202.271
84.927
79.498
187.513
83.95
110.169
75.758
134.84
131.752
142.858
135.486
144.387
2412.96
520.63
123.955
2232.21
132.107
163.306
80.299
86.099
143.824
105.413
100.514
165.788
84.338
485.766
65.385
157.593
2220.53
472.484
142.584
114.791
107.436
97.882
63.047
87.221
2195.92
113.056
76.949
502.761
126.681
115.447
77.299
110.144
113.468
126.95
139.025
2274.35
487.752
67.28
57.899
134.171
140.549
156.479
97.603
80.075
109.461
99.573
117.801
109.84
86.629
2227.93
567.071
154.44
173.389
128.268
103.029
124.54
79.802
2276.88
117.681
91.864
54.821
464.637
154.688
65.015
112.447
2229.36
97.372
116.473
70.783
99.479
532.619
175.815
126.141
162.212
145.903
171.898
129.262
88.136
66.399
158.444
143.089
73.575
2297.68
459.764
121.321
111.392
105.444
63.666
82.711
2231.32
475.198
87.779
153.901
56.753
193.953
96.232
62.26
112.125
175.25
97.12
94.089
83.84
104.37
2228.5
497.433
127.527
81.84
89.468
465.588
72.127
84.908
105.365
160.482
68.999
568.271
252.544
92.338
434.364
122.741
631.433
226.761
331.747
881.094
2268.77
1888.29
397.704
71.053
268.371
2375.78
487.842
69.088
81.373
58.612
91.118
114.834
163.658
136.327
118.907
518.863
101.51
83.411
87.41
106.666
477.217
188.041
170.744
691.479
110.055
2661.99
329.207
75.712
145.383
2194.5
479.818
122.648
51.934
2211.87
522.458
368.076
932.302
2249.83
2252.01
2176.34
2174.88
461.332
2166.88
450.196
2201.04
456.807
473.21
2263.12
461.903
2193.73
443.989
2175.74
447.433
2223.72
438.897
2173.27
2194.69
466.15
2196.08
2186.05
476.756
2172.88
459.943
2179.34
2181.44
470.216
2207.98
528.198
473.711
2184.61
444.802
440.185
2185.81
474.994
2188.2
454.755
2176.27
450.776
458.646
2188.58
2174.17
470.749
484.963
2190.79
2174.62
450.699
445.62
446.742
1207.88
527.663
3235.03
582.39
2534.46
444.231
460.399
483.605
462.196
469.715
461.872
450.933
506.91
487.532
2199.26
497.89
447.38
2167.61
600.929
649.298
2236.83
470.07
2201.02
2200.91
2182.18
466.304
2268.75
459.016
2171.27
2168.51
571.505
2173.45
489.354
461.17
2179.95
461.538
2187.39
450.628
2174.57
2166.78
2216.42
453.551
2178.95
2175.92
2188.91
2183.1
455.82
526.507
548.518
2912.49
454.842
454.122
462.269
451.888
460.646
439.838
452.246
451.395
2199.38
475.83
2203.38
462.628
2189.27
469.107
468.335
2219.84
460.657
513.132
2272.95
2246.63
462.093
450.599
452.539
442.887
2341.22
469.143
2191.89
448.364
466.167
2186.94
2180.8
448.96
471.172
2212.15
451.861
2169.7
456.334
452.818
2188.5
460.39
457.103
2177.56
2187.17
441.894
461.335
448.033
2186.5
456.452
465.136
477.033
461.481
2234.2
2178.94
451.559
450.887
461.354
2189.07
446.231
460.117
2185.94
450.924
448.092
2175.09
500.47
2229.62
436.535
2191.93
456.423
2227.2
541.358
495.432
2263.59
471.446
456.316
453.309
451.324
2279.41
466.373
2297.35
454.485
513.982
2198.52
453.17
475.976
460.143
2188.4
483.467
2176.72
449.703
4526.1
468.825
555.827
2194.34
470.606
2195.36
458.108
530.265
502.3
4019.3
2266.53
2205.53
500.841
2177.41
455.1
2192.91
444.66
439.72
451.887
2176.42
517.773
485.185
2177.21
447.087
2204.99
467.914
602.269
1486.98
657.802
2231.33
453.066
2192.21
732.03
733.161
2260.27
444.428
2210.66
551.009
461.853
473.011
2206.36
453.347
459.468
2194.45
444.657
499.034
2216.19
457.772
2174.7
455.855
2199.28
465.672
450.834
2180.13
451.353
524.682
2256.81
461.953
440.772
467.61
453.249
441.6
2185.42
450.755
459.935
459.156
446.682
482.408
444.299
2287.27
443.72
2185.19
462.039
549.359
2199.82
454.155
460.621
441.039
2189.31
449.565
537.148
487.989
450.443
2207.77
452.381
450.132
468.947
502.864
2204.84
477.906
470.859
454.684
2196.97
462.96
455.811
488.245
469.231
439.541
2191.22
451.296
458.891
2171.02
500.274
454.37
459.269
2214.66
464.807
450.879
452.748
2203.46
456.976
522.839
482.32
2249.86
493.04
447.027
447.29
2172.86
546.614
566.146
599.9
512.406
530.667
2237.04
483.747
448.499
490.374
2214.09
473.633
471.637
457.018
477.39
459.803
449.401
517.236
525.758
467.873
459.473
451.285
446.279
463.985
447.638
438.354
444.472
465.543
471.382
473.648
474.788
446.094
442.341
472.202
485.192
443.914
2203.97
456.757
551.642
2179.34
469.097
446.816
445.973
448.659
448.814
2178.56
452.892
471.031
453.535
454.647
474.121
2225.75
478.212
2181.67
485.967
468.842
2201.74
