2117.5
2107.58
2114.16
2121.4
2106.09
2131.51
2114.18
2124.84
2119.93
2122.09
2110.9
2114.97
2119.8
2125.69
2138.18
2114.64
2125.27
2132.74
2111.79
2176.56
2116.23
2127.51
2118.66
2116.79
2128.84
2129.34
2126.56
2120.61
2107.36
2140.53
2109.68
2103.29
2111.22
2135.72
388.483
2113.87
2122.55
2124.82
126.632
136.204
2111.7
110.431
123.664
2115.48
2119.15
2115.11
2118.64
2140.19
309.252
288.076
2114.91
551.762
299.266
235.185
305.675
187.451
486.7
228.37
5846.76
2225.38
444.87
147.851
226.382
135.096
378.504
186.122
176.791
2138.45
2125.94
135.064
134.458
389.001
136.799
151.534
141.468
130.511
408.498
154.665
131.667
148.777
2148.38
143.922
145.484
147.246
153.736
170.484
440.491
158.249
197.534
159.82
166.255
2171.04
151.436
164.195
128.877
389.006
141.453
136.932
159.058
146.141
138.122
168.971
538.446
306.112
293.993
290.128
180.858
307.571
185.346
2173.92
413.645
213.641
2134.11
376.464
306.183
144.804
368.657
2143.17
389.587
2130.74
370.359
132.897
170.013
154.719
397.949
2133.38
462.114
412.651
302.282
307.372
407.597
2117.16
193.765
2117.46
266.447
270.265
278.823
144.317
2159.2
433.22
330.991
2148.14
389.337
288.895
299.834
2153.02
347.38
349.663
342.043
458.21
320.96
2136.9
379.868
2113.46
295.176
374.099
2114.85
290.189
279.019
377.508
2133.4
404.556
292.141
279.968
375.605
399.167
2152.02
384.216
318.856
2170.89
442.223
333.879
2169.03
415.46
288.217
276.355
2130.5
375.118
278.955
290.72
2140.11
402.577
374.074
282.83
2112.05
2127.12
2152.12
290.152
281.822
277.544
395.55
390.035
289.553
302.075
315.983
387.661
286.242
399.738
388.712
307.047
297.311
407.687
295.955
380.145
320.628
2145.99
466.233
358.39
2121.13
401.153
332.32
2135.87
395.548
452.912
456.828
450.31
2114.28
340.012
160.159
2144.44
378.501
166.731
152.778
2132.25
372.602
2139.07
418.964
175.47
2142.53
449.817
336.243
320.043
318.949
169.644
375.356
305.465
303.305
2173.03
263.873
388.106
2157.31
2115.12
365.22
218.825
161.123
171.976
2111.22
518.12
463.153
249.055
315.987
480.785
489.532
279.422
2217.92
200.373
139.222
231.571
211.907
384.383
143.086
143.293
143.986
2118.5
143.566
136.653
141.053
135.34
379.604
2142.29
164.864
177.196
151.981
2119.67
132.731
141.136
158.503
396.502
210.838
141.166
218.635
209.284
2152.89
382.132
128.152
118.406
162.067
130.757
130.227
2127.61
369.776
148.683
188.281
139.95
163.792
2169.69
171.44
415.591
203.922
2153.37
137.976
186.251
2119.08
164.312
129.504
3557.09
635.423
589.996
1274.21
807.136
804.112
809.646
770.957
3658.02
2270.81
432.268
366.061
216.764
2192.15
2128.68
387.238
2124.46
160.958
432.651
400.562
2178.22
294.942
318.155
2122.81
490.649
2144.81
375.155
384.429
2145.44
397.296
2159.12
382.898
2118.33
387.825
293.553
2127.29
383.267
289.532
297.213
300.871
2138.64
411.422
2229.67
370.479
345.911
2188
428.947
309.95
2231.32
378.319
2183.42
2127.07
315.654
326.755
407.727
2124.87
299.675
2135.12
149.279
399.926
2141.34
397.035
328.297
2203.58
2137.59
391.962
158.028
153.705
2212.47
373.243
2179.14
424.408
420.427
2165.41
418.032
375.362
360.988
2143.04
386.876
306.561
2156.76
389.614
2143.48
290.373
2155.25
433.906
344.085
392.666
306.086
2208.71
2136.98
435.766
2134.86
378.948
299.536
298.392
2126.43
373.695
2158.04
219.926
381.363
164.225
138.163
2255.95
433.063
412.437
370.232
180.613
128.884
329.792
3447.11
2298.2
415.671
162.101
2142.09
392.064
356.246
500.317
293.322
264.644
381.42
2226.3
395.829
2126.99
247.73
226.286
2137.77
157.616
396.618
382.072
165.937
183.644
2130.53
216.194
190.559
417.174
203.735
173.67
2156.27
408.988
178.798
159.025
394.958
172.005
401.454
166.211
160.87
168.845
2157.36
169.655
138.451
477.447
242.638
391.923
2141.1
137.492
138.322
142.576
141.572
426.804
304.6
155.509
201.425
324.694
244.719
2186.77
214.886
167.102
122.239
2141.22
442.49
147.121
131.568
203.123
2121.13
404.353
169.317
188.6
154.444
139.841
389.615
156.186
139.213
132.967
2130.81
191.415
171.269
161.259
132.399
144.463
2123.9
168.599
143.354
133.292
144.432
156.129
2142.01
139.721
381.865
129.333
133.592
146.065
146.961
151.609
127.853
2136.26
157.417
383.542
124.829
164.575
156.694
2123.91
383.97
142.324
171.349
166.316
146.169
388.844
139.729
159.214
137.085
2148.61
382.33
137.805
141.567
133.978
385.706
2157.76
164.109
136.369
2134.01
383.365
156.775
397.523
186.906
2139.38
396.793
148.274
157.739
2135.66
156.604
2125.74
427.427
363.34
149.325
161.196
2269.51
142.3
412.569
2166.06
2147.86
2132.6
471.742
137.775
2271.08
462.165
220.105
381.739
145.723
373.523
372.511
124.925
366.431
157.362
381.151
134.387
370.846
368.845
416.645
390.147
383.051
371.618
394.117
390.279
367.301
399.969
381.166
369.413
433.8
379.864
391.553
