117.346
9.539
10.629
10.691
16.668
19.933
22.7
11.954
17.685
16.565
19.129
22.877
118.933
126.341
30.394
44.028
14.643
34.245
20.846
22.419
15.688
12.428
22.999
19.745
20.772
25.725
25.542
25.308
120.282
125.846
34.735
7.779
13.928
35.29
112.238
111.938
34.748
51.151
33.456
36.516
116.717
116.758
30.017
30.561
16.193
19.217
18.353
13.791
85.445
87.505
31.953
30.529
16.726
27.227
15.866
10.674
69.944
67.696
55.329
66.694
26.44
25.369
16.232
19.127
14.187
48.846
112.748
111.088
30.974
21.737
120.942
123.883
26.11
44.35
15.877
46.571
58.537
148.903
21.84
12.136
8.854
22.024
