2181.3
2211.53
2239.39
2197.14
2212.95
2177.28
2208.12
2170.39
2184.43
2171.49
2173.46
2186.52
2178.72
2210.4
2235.08
2208.99
2186.61
2185.8
2187.34
2228.92
2179.09
2197.98
2194.14
2183.47
2195.91
2224.99
2191.02
2167.72
2183.44
2188.78
2210.95
2182.31
2175.7
2185.66
2182.95
2169.39
2206.24
2183.09
2194.86
2192.3
2238.74
2182.57
2201.35
2189.34
2172.12
2220.63
2188.84
2230.47
2268.57
2170.78
439.574
626.299
324.183
455.742
197.101
369.797
325.827
377.299
350.112
237.699
222.754
311.608
171.492
2370.62
155.581
5482.42
594.768
240.18
330.331
215.199
739.142
439.578
290.749
420.323
206.093
999.536
489.609
209.431
2428.53
631.313
492.095
194.733
310.761
309.365
184.758
327.077
2216.6
498.348
557.496
343.82
507.52
358.054
2331.66
496.314
490.858
481.888
374.804
143.449
438.334
317.413
311.139
322.377
482.079
457.806
489.922
310.157
299.358
472.269
470.874
362.395
553.997
413.579
612.823
1001.87
620.548
812.75
615.636
618.429
2399.58
174.763
242.184
212.521
222.782
217.552
2283.72
160.896
179.743
202.86
443.89
157.295
448.858
2301.97
2196.47
458.762
2189.82
469.167
2233.02
442.031
2196.34
456.869
2221.59
626.467
513.784
1049.67
1088.37
1027.67
2383
473.167
252.707
200.167
171.923
178.08
207.465
2238.81
479.515
186.48
2194.07
472.321
143.658
179.644
2196.96
238.772
483.11
5340.89
547.903
262.911
167.481
268.211
405.536
196.259
312.437
388.68
310.816
251.089
209.2
192.802
6740.06
2323.25
225.819
186.771
196.664
188.461
178.985
2253.03
176.148
224.124
241.407
451.678
175.208
171.206
167.915
249.236
146.802
175.594
263.809
2262.84
532.972
256.865
2239.38
546.478
351.353
314.97
295.927
241.997
147.535
778.3
273.6
331.826
216.023
228.414
2233.37
170.627
184.642
158.687
223.935
1174.49
636.124
257.304
249.455
196.087
397.43
381.741
152.906
1283.66
1719.04
2372.04
468.553
212.104
2292.66
179.524
184.827
167.912
472.102
268.39
181.304
168.38
2349.09
178.149
151.806
508.502
199.76
218.073
175.441
162.282
2215.47
156.932
477.806
193.812
205.35
191.251
2218.93
460.252
183.991
184.188
563.36
196.781
378.714
613.302
332.903
224.236
2207.77
515.781
150.808
127.738
2206.82
136.446
472.52
2189.3
450.459
128.163
144.06
143.335
478.005
161.65
2218.27
470.097
2174.98
1214.22
491.007
179.962
600.76
2235.8
480.733
2213.45
144.073
2177.15
125.238
2175.37
579.18
2207.61
453.465
2311.32
545.509
2179.06
471.797
432.317
2241.13
2180.84
496.652
2190.58
2194.61
443.857
443.455
512.11
448.38
486.659
487.601
441.56
517.425
448.837
439.2
2191.44
448.246
2170.59
434.755
2197.1
509.533
2176.48
464.674
477.452
2169.42
440.328
2173.82
452.591
435.331
2181.83
2179
475.944
2202.36
451.497
466.193
2335.95
2186.82
468.681
2211.89
473.79
2209.58
2171.8
478.63
526.787
11752
7699.65
3409.91
499.742
10932.9
7125.59
2242.33
2204.82
453.069
2178.17
2185.83
532.44
449.546
2237.11
2196.34
2181.07
451.801
2177.65
474.345
463.884
2172.06
472.019
2259.24
2211.38
2226.07
475.761
450.082
496.927
2226.95
449.449
2196.39
2196.43
435.73
2180.21
2169.58
2170.41
2184
2167.1
2178.02
2179.41
3394.52
6687.62
2231.52
2165.91
2167.52
2170.18
2192.1
2192.02
2187.74
2179.29
2189.39
2184.24
2188.98
2233.74
2185.73
2173.11
