15.959
-5.678
2130.37
2104
-53.313
2100.74
-48.595
2121.35
1.137
2121.01
-41.892
2099.2
2108.49
2103.57
-46.234
-46.326
2126.21
359.888
701.291
243.819
2224.37
2098.56
2119.16
369.113
2147.35
367.832
124.421
137.949
2135.58
370.014
2127.44
485.15
92.142
14.324
2593.94
500.81
58.673
70.438
397.695
-31.68
-46.772
-41.367
374.923
-25.535
368.933
-39.814
-26.878
-30.955
-21.023
-23.184
400.148
-2.936
3.034
-13.123
388.9
-29.256
-16.529
383.342
20.042
-8.805
-34.137
381.289
-28.853
361.406
-35.705
-42.925
-23.155
-19.783
-23.997
388.666
-3.42
-2.974
-45.955
-52.689
-4.375
1.97
-20.746
-30.443
-19.171
-3.737
-8.368
-32.044
-13.793
-31.042
-30.302
51.895
32.138
70.526
5.256
535.494
87.911
-37.542
-50.113
-41.07
129.379
-36.606
-1.385
681.289
861.839
121.939
-40.598
-28.558
358.479
-24.352
-50.66
-25.943
37.496
5450.69
-24.09
-18.923
-25.509
132.433
169.215
-15.711
-40.705
