2114.45
2099.93
2102.18
2109.26
2112.8
2109.67
31.67
47.921
2105.79
36.66
40.456
50.526
2159.51
39.489
27.715
48.515
38.701
28.699
36.998
31.548
2136.34
48.909
43.11
54.733
53.594
32.859
143.699
2141.23
54.054
60.462
38.98
2122.55
46.231
391.727
51.143
46.455
37.105
46.972
40.885
37.876
2131.91
50.595
47.399
2127.36
58.71
54.326
57.792
55.556
399.082
54.507
53.592
2139.05
383.931
58.562
87.243
54.365
72.747
71.398
389.49
76.709
182.932
76.977
51.559
2113.33
383.402
61.451
54.19
57.645
2146.12
374.766
69.765
68.192
61.621
66.33
439.119
103.754
2122.1
71.08
67.762
47.153
59.641
65.186
80.955
59.67
57.731
2127.11
61.539
2125.79
44.075
77.069
2131.69
49.918
373.094
57.322
79.584
76.434
383.057
2189.16
49.989
54.447
55.252
65.967
64.216
414.556
83.112
55.009
58.832
65.811
390.559
51.458
96.32
101.212
67.493
390.029
2217.57
85.254
69.072
64.26
50.668
67.306
2195.93
404.254
84.859
78.76
68.94
81.26
86.219
60.682
116.525
81.671
141.716
2180.6
86.682
66.834
380.774
51.687
61.467
71.01
74.777
88.2
71.34
68.414
54.753
2212.48
53.998
81.137
439.769
63.926
75.228
60.907
2167.11
74.49
396.906
97.599
94.087
93.086
408.804
81.143
209.328
182.981
152.884
306.135
2147.68
80.676
69.913
54.303
80.679
113.666
2170.57
586.355
818.578
1054.49
835.978
2952.62
380.253
427.776
632.091
2129.06
2113.09
2106.35
441.832
2135.07
389.991
360.768
2139.26
435.565
2133.3
2142.96
550.493
2156.59
603.979
2149.39
516.959
2209.56
409.385
2185.33
2184.7
2171.41
2148.61
385.89
2143.3
500.616
2150.08
400.201
271.438
265.321
136.392
2181.63
387.62
97.191
2124.25
98.915
94.637
2190.67
377.263
2141.98
476.427
2201.2
2165.75
478.119
2128.9
478.968
135.063
139.358
2180.73
410.738
298.182
168.538
376.942
276.031
285.981
2206.92
154.666
2150.39
452.576
2183.69
380.425
2113.44
416.874
285.672
2186.95
2131.17
424.187
362.962
2160.84
2107.43
377.949
2140.2
2148.69
884.275
880.481
381.592
2102.34
420.716
2170.54
2143.31
380.375
399.002
402.15
379.282
383.213
413
294.212
408.044
427.995
2128.43
373.89
243.309
239.546
258.699
2164.34
361.55
2110.22
2172.02
377.191
435.96
2137.48
84.875
2145.39
429.57
2133.95
394.661
2161.34
398.967
371.514
2148.15
431.272
329.89
2156.55
403.661
2173.37
476.519
549.166
2378.18
2133.99
516.778
2156.68
392.75
2181.69
2143.34
389.435
2197.16
2123.63
565.532
857.95
856.824
775.316
788.326
819.198
2174.22
519.456
535.387
535.394
386.691
90.34
220.008
2146.85
2134.57
370.39
2129.04
165.571
141.256
2140.83
108.805
91.875
2187.53
452.143
400.564
95.714
179.705
196.628
209.756
2134.41
127.216
133.986
2141.21
611.003
215.209
527.83
226.929
288.797
233.155
2310.29
513.815
277.531
121.964
136.244
141.672
110.704
2415.97
393.758
87.646
386.887
106.356
112.039
120.137
124.276
415.327
95.407
109.27
109.446
109.218
95.118
109.097
555.044
97.563
119.517
118.179
134.54
121.452
2254.12
2221.33
387.68
2161.99
601.187
4123.51
1426.83
2689.36
2669.42
833.571
2760.88
418.248
430.358
398.345
376.235
450.207
408.293
1576.6
157.11
159.054
406.118
128.897
418.272
389.844
388.801
837.737
205.956
383.182
125.88
405.81
296.053
392.202
127.052
123.055
143.679
383.026
124.416
115.399
102.023
147.819
399.041
128.18
112.344
107.768
115.398
