2119.06
2127.01
2121.39
2124.47
2116.41
2130.82
2129.26
2112.3
2112.52
2137.04
2127.35
173.062
201.67
129.578
235.328
239.496
147.959
2304.88
447.361
32.381
124.594
233.024
152.627
112.572
172.38
3576.85
2238.34
102.784
2164.62
359.441
31.507
63.923
14.913
90.467
66.829
80.392
2157.55
24.946
26.306
2123.58
95.986
96.657
399.137
53.49
34.686
28.802
23.147
2144.68
2130.13
31.681
2146.05
398.187
23.109
30.838
27.356
23.264
2138.54
31.375
2112.97
372.507
16.893
7.664
35.074
1465.62
550.171
232.496
153.747
224.654
239.754
256.613
225.397
5171.88
2205.05
404.562
2142.78
2128
215.342
201.61
435.833
2235.1
378.947
2138.89
380.402
399.631
890.773
91.391
271.681
680.399
1490.23
279.256
3476.98
2151.83
420.001
179.902
181.93
2123.32
2138.42
409.591
2136.89
161.691
159.927
-10.271
2108.03
418.867
37.13
2111.7
391.054
2108.76
584.393
591.95
461.864
583.011
269.395
367.78
283.901
2202.39
415.487
2137.93
160.588
190.727
18.965
397.392
368.43
209.316
220.819
383.598
201.445
386.108
401.54
409.668
406.143
392.003
466.584
398.357
394.558
646.669
1239.14
1257.77
2289.68
467.337
424.479
194.154
442.55
467.195
-7.789
2141.55
400.869
2117.81
11.201
2117.57
-7.007
396.616
2132.05
69.808
2186.32
436.772
54.741
51.521
-10.687
-2.845
2123.01
10.091
-15.394
2117.1
37.044
2164.86
402.351
47.768
139.838
14.908
132.168
5.852
53.837
2131.02
-5.375
16.988
4.747
-6.498
2158.86
56.261
38.862
63.637
392.787
58.05
2134.28
-5.175
11.157
405.327
27.933
2147.86
29.115
42.47
54.405
63.692
431.257
17.212
14.811
2157.66
-22.29
22.521
14.281
2145.56
-5.357
134.026
129.258
2131
393.807
-2.366
-0.453
13.041
68.683
71.102
2187.85
469.528
365.469
343.318
400.283
374.817
401.81
406.383
418.908
366.147
370.986
376.612
387.384
382.323
399.858
359.594
381.2
982.516
974.04
147.949
381.881
385.195
384.808
385.455
379.521
380.999
398.777
370.648
379.085
372.707
386.884
388.702
386.005
383.344
1287.03
378.247
-6.144
-6.723
388.547
-7.78
-2.934
373.538
171.698
440.081
432.823
436.165
38.881
111.371
20.137
30.637
36.739
383.072
53.054
50.088
58.438
38.969
382.303
36.567
19.701
33.924
61.957
47.704
53.59
408.157
-17.419
55.197
2.91
66.627
437.578
52.421
-23.083
375.396
377.761
411.223
401.953
393.444
445.348
379.337
395.191
379.787
427.018
382.353
434.268
999.949
388.636
387.3
386.362
764.798
487.338
369.575
465.84
-6.959
394.101
172.323
168.765
172.249
411.648
381.326
169.123
421.187
390.145
154.246
169.589
400.31
384.116
403.259
388.994
486.903
488.992
485.461
163.325
388.761
426.719
392.382
481.404
203.748
439.476
378.861
387.208
391.776
