2165.86
2171.12
2177.38
2170.91
2181.61
2168.82
2163.3
2159.81
2178.67
2166.27
2162.01
2177.36
2165.21
2184.3
2190.78
2190.68
2172.88
450.638
2180.19
2184.57
441.103
2167.59
452.032
2178.16
2188.77
440.431
2168.61
449.816
2175.64
449.007
2180.41
2174.77
442.307
2190.14
2176.54
449.369
2179.15
2181.64
445.238
2183.21
452.063
2181.28
2184.98
450.844
2180.71
444.478
2173.62
2186.18
443.554
2185.72
443.957
2174.82
2171.98
440.983
2182.68
448.461
2194.23
456.448
2185.2
451.794
2169.68
2176.07
465.161
2179.42
441.812
2174.55
442.621
456.17
2185.82
448.662
2181.3
2196.84
454.687
2182.27
502.065
467.03
2201.09
459.441
2185.98
452.302
2183.79
457.235
2187.25
2181.96
452.399
497.799
58.603
135.928
103.569
282.667
90.938
131.332
250.003
181.13
142.049
51.144
163.926
236.599
4654.24
2412.92
56.183
68.199
80.014
127.073
120.68
490.363
88.995
80.15
71.775
126.7
2242.87
69.308
80.383
72.069
107.773
64.265
66.607
57.287
484.574
71.847
43.763
2225.58
170.872
498.125
103.145
155.068
74.105
85.162
63.298
58.356
59.419
53.734
56.46
553.621
157.916
41.553
64.56
168.819
168.261
2289.71
145.89
150.589
97.968
93.668
91.899
130.614
112.652
69.185
70.522
2215.29
93.795
101.488
2924.77
890.056
524.432
329.54
522.708
652.795
418.874
513.75
242.654
526.387
414.024
664.435
424.526
861.163
2332.28
471.25
1048.67
877.252
634.154
454.196
433.909
252.808
449.745
875.655
631.766
421.235
1056.57
2288.16
303.38
2248.62
2197.48
518.348
508.086
102.386
2232
491.499
231.531
196.334
210.253
2214.66
488.04
363.555
296.364
2266.89
563.874
467.268
400.955
407.738
6840.42
564.812
528.47
242.039
186.129
475.402
419.273
992.467
166.543
3932.91
4432.48
160.63
463.736
260.314
6769.98
2336.32
498.911
200.717
2130.21
2801.28
192.694
749.907
176.366
247.776
233.94
2279.26
81.134
74.084
145.815
523.471
470.637
42.59
154.609
2205.06
59.271
52.07
511.134
2232.54
492.071
69.289
1053.47
458.01
963.817
697.047
672.333
3157.48
447.478
457.974
453.786
474.991
503.531
2201.65
448.777
2612.86
517.189
2183.35
486.956
2184.53
499.861
4025.04
2317.24
2187.12
463.379
474.83
456.133
2192.63
468.434
505.227
2231.3
447.566
2173.45
454.082
2189
1125.14
500.155
2230.83
439.922
2197.19
451.603
2189.14
451.425
2189.16
492.493
457.282
2256.65
2184.04
463.698
449.838
2183.88
2199.2
459.988
2182.89
2201.16
458.768
2181.94
455.1
2167.87
468.357
2197.59
2178.64
2196.05
450.821
2224.92
451.379
2183.78
452.626
453.996
2194.67
2179.17
457.887
2180.25
488.396
457.783
2296.62
2204.91
449.64
2176.1
442.592
471.79
2303.93
2185.02
464.441
2211.69
449.102
457.728
2188.99
457.966
2182.74
461.652
462.532
453.528
571.91
450.98
2151.22
484.423
2275.18
489.243
2206.42
451.559
2179.11
451.158
477.787
2289.41
474.687
2216.22
444.71
2202.38
450.524
2177.66
454.635
502.533
2237.92
460.322
2200.96
465.09
2189.6
458.954
2178.54
448.872
2203.67
2188.83
449.154
2190.02
460.382
2185.97
517.921
493.644
2224.38
497.427
2192.12
454.983
2220.41
442.311
442.434
2170.78
459.351
2186.41
458.966
2188.92
443.386
456.332
446.536
443.557
2202.29
2195.36
484.882
471.469
2191.1
467.763
2178.89
557.818
2225.27
476.348
2204.73
452.769
2195.82
471.02
2211.36
444.273
2191.34
457.303
4031.88
524.09
5153.17
2242.64
509.024
2210.26
565.483
2222.32
514.941
442.075
2195.97
456.689
2203.13
2184.99
459.353
2190.01
2199.1
453.455
2191.54
455.905
2219.86
470.127
2181.36
461.306
532.323
2311.85
465.737
2260.08
2206.13
490.005
2241
2187.99
468.418
2186.48
458.957
2201.07
2190.44
456.553
2194.19
474.16
2208.74
468.192
2201.22
2191.75
562.275
2256.63
477.902
2207.98
466.687
2196.53
473.076
2188.55
449.068
2192.35
2190.32
471.572
454.387
2289.16
559.255
2179.31
2180.24
468.149
2177.55
455.428
2205.75
463.282
452.173
437.862
443.596
451.198
454.896
493.07
473.478
458.585
523.034
2227.12
466.813
2225.94
463.484
2187.17
450.007
2190.53
2184.34
501.942
2208.88
458.2
2208.49
454.812
2189.73
466.674
2202.27
2254.39
445.896
2329.34
2194.01
449.876
2180.43
471.288
2173.3
458.49
2185.39
465.783
2213.16
464.106
473.913
2215.33
2188.16
461.391
452.103
2190.09
555.604
2250.81
464.842
2176.03
462.559
2187.28
445.908
2197.6
442.645
455.309
2175.89
468.322
458.287
2185.47
460.705
2189.34
459.672
2179.39
455.79
448.249
454.825
2240.01
2183.15
447.406
461.208
473.235
2176.34
2173.24
465.601
2174.9
2184.09
2302.53
476.796
527.697
2305.52
2165.69
603.222
2260.74
476.13
442.79
455.011
461.472
449.775
460.068
453.263
446.161
467.896
449.336
434.137
449.737
447.216
449.381
444.034
449.481
2165.7
455.274
541.556
444.605
2207.94
458.36
485.365
2207.54
2169.45
453.309
2162.39
2173.28
493.953
2217.28
458.877
2167.47
442.561
505.641
484.678
2186.94
2184.98
445.917
461.102
2186.61
450.39
2224.59
512.108
2171.37
455.894
434.227
2166.8
2175.98
466.414
2169.28
522.395
2168.88
455.622
2183.41
2175.62
450.262
2177.57
471.887
2195.46
456.587
2179.53
452.35
2185.45
546.877
2261.29
2217.79
2183.09
449.671
2177.79
440.975
2172.81
448.534
2186.39
2182.96
441.901
2173.08
481.114
2177.53
463.518
2176.46
470.633
2188.14
451.368
2178.18
457.612
2183.7
