2174.32
2164.43
2169.4
451.929
2186.76
450.523
2163.4
2180.24
438.233
439.027
450.523
2183.84
447.575
2196.91
528.232
2230.41
2174.79
469.249
2175.92
449.639
2170.98
463.111
2175.75
454.034
477.513
2242.82
438.195
2171.34
455.396
2163.98
445.14
2172.27
443.085
2185.91
1203.34
529.956
216.363
100.159
122.804
209.365
181.062
81.823
293.955
163.932
374.035
97.368
299.779
95.436
2327.88
57.633
86.935
61.218
21251.2
10005.2
3356.93
638.137
18547.3
23601.7
20194.5
22021.8
22882.3
20776
17152.6
21901.4
15310.8
15073.5
15445.3
18122.4
22054.1
14949.3
5862.46
2706.5
2188.87
473.5
470.702
2224.84
514.224
2222.07
444.58
2265.26
2259.18
2192.68
481.54
541.988
2244.24
481.411
2249.05
472.068
2228.97
527.43
2257.22
500.707
2218.39
491.448
2201.66
498.303
2197.24
461.387
2224.95
476.064
2234.32
458.298
2234.01
522.97
2354.8
545.48
2215.14
571.629
2256.7
642.081
2385.08
525.323
2185.93
458.271
2184.46
2198.59
464.571
2178.06
2185.81
465.33
2183.63
2185.64
445.469
2181.31
451.883
2183.47
2178.47
2181.51
450.375
2179.19
460.431
2180.23
2237.58
2183.64
2175.77
449.684
453.437
2196.51
2190.47
490.184
2217.4
461.009
2185.53
2177.22
2189.94
2181.39
1716.07
517.177
5312.38
2176.65
477.427
2179.54
455.772
2215.76
523.071
2253.24
2181.99
2194.14
462.289
2182.96
454.834
494.376
2186.43
465.313
463.09
2194
2178.89
490.809
460.005
478.04
2218.56
452.523
450.185
2183.85
453.615
2185.05
450.026
443.997
2182.03
464.654
2239.29
454.343
445.232
2175.38
442.43
450.065
2185.28
434.722
2174.43
472.295
2198.36
454.174
454.004
2181.7
439.807
497.158
452.001
2212.34
455.095
2170.79
1558.12
545.283
2349.67
451.852
449.414
460.677
441.942
512.478
2190.65
445.595
2188.85
2170.4
2183.36
452.597
2167.41
2170.18
2178.67
449.425
2264.05
2172.26
458.079
2182.91
2176.74
450.423
2180.27
451.386
449.452
2182.92
2179.57
2170.63
2204.35
461.469
2185.69
2169.57
568.63
2174.77
2180.35
560.535
2186.66
2179.61
447.709
2171.91
563.737
2265.06
2169.92
2181.77
2180.98
453.005
548.517
2344.04
460.754
457.108
443.285
460.613
445.65
437.625
453.236
442.743
444.063
2182.45
453.057
2264.22
2169.61
448.582
2177.09
454.34
2168.97
2166.44
443.086
473.603
456.308
2184.34
2183.66
447.227
2180.23
453.725
439.1
451.711
2251
461.152
461.934
446.275
451.947
2307.16
441.756
2221.72
529.196
2238.64
470.826
2175.05
2192.87
467.279
469.04
2181.57
460.892
2176
2176.49
454.501
449.156
2179.39
438.969
2180.34
453.186
2178.09
2194.78
2175.95
475.872
1860.4
597.891
2212.59
2169.65
544.058
2176.45
2181.92
496.871
2180.02
468.591
2193.89
2183.42
2199.52
571.458
2178.84
489.008
2196.59
454.858
2177
2184.47
447.862
2192.36
2171.59
471.458
2188.58
450.566
453.538
2182.34
450.377
507.446
2242.33
453.763
2191.75
2171.02
449.855
2175.77
2177.47
462.668
448.147
2174.34
2186.89
473.443
2180.58
449.839
2175.22
461.236
445.119
2176.8
458.443
444.211
2172.43
2181.36
446.126
2168.53
488.699
2182.86
461.913
440.483
2169.9
2191.01
2183.14
448.524
2188.49
463.039
2191.88
456.205
2180.16
2173.86
439.825
2186.24
460.442
2171.99
459.104
2187.76
453.613
2184.98
455.725
450.99
2191.34
2189.94
446.3
2191.15
456.544
457.984
451.149
2190.11
2170.82
449.694
445.327
2180.36
458.105
454.737
2188.07
453.883
450.845
2187.71
439.084
441.192
445.535
445.652
450.044
458.49
441.079
458.331
442.186
452.708
447.311
443.65
482.904
444.952
490.344
2192.05
469.291
2184.09
453.125
2165.99
445.467
2176.59
452.607
2180.8
464.257
2175.93
450.94
2182.4
444.125
2211.42
489.502
2208.31
451.821
2185.69
2197.07
476.108
2183.01
464.026
2185.58
451.946
2174.58
2182.18
456.622
2183.53
2182.19
2195
2168.36
2177.28
644.34
2182.91
2185.21
516.095
2238.05
2186.14
2167.75
2164.92
2189.22
805.386
2227.07
2197.02
465.701
457.8
443.166
465.388
459.754
468.572
450.657
454.405
480.86
457.992
448.886
472.579
455.537
445.264
443.327
485.795
2174.54
452.778
2182.69
451.318
2256.13
458.32
2175.26
2207.17
457.84
439.305
2192.9
444.662
449.593
2172.11
442.308
467.188
2175.7
483.861
442.217
2197.18
451.684
2179.06
464.918
2195.7
441.969
474.562
2190.73
2179.01
475.328
469.841
2190.86
458.743
2225.08
2177.52
2182.81
444.593
2180.67
452.553
2191.71
451.656
2210.63
2195.37
468.993
2186.82
446.742
445.146
2187.04
2195.38
445.069
2171.69
468.074
2194.02
454.922
468.487
2192.54
2193.6
466.329
2188.32
2203.96
447.433
2194.51
2089.79
9231.19
