416.033
2127.31
2126.31
2112.13
371.759
378.171
2122.79
376.982
-55.908
-56.58
2131.79
553.228
122.926
-33.408
114.009
52.343
20.535
-25.692
46.116
2321.61
422.295
-28.345
-25.444
-8.428
2158.09
-22.198
-26.702
-8.935
-10.576
441.285
-0.554
385.624
23.505
28.783
-3.513
-21.483
95.06
2267.53
398.836
97.549
96.114
99.637
27.454
16.861
-17.376
-13.714
13.886
-6.491
-13.663
-19.252
2175.4
453.472
396.643
66.385
60.332
407.115
18.728
15.132
26.401
2147.28
42.566
12.087
442.136
102.181
2177.97
421.528
43.45
48.483
34.675
420.265
36.184
34.297
-30.101
15.746
2189.42
380.572
24.132
22.946
39.94
54.41
8.474
2133.62
2183.08
2136.52
2148.24
2152.86
2134.5
382.934
2215.39
675.045
42.908
2185.28
420.31
2152.21
188.647
192.253
376.99
121.294
118.013
394.748
2329.48
2171.2
173.248
578.063
2172.36
418.852
370.341
380.407
409.206
436.354
442.987
404.417
2177.11
419.134
2152.19
1795.96
426.525
83.708
-21.101
83.133
69.867
6.978
333.786
50.597
2315.68
2192.99
375.678
145.149
2145.2
388.933
2120.37
566.705
371.082
570.834
-16.598
-6.183
2625.7
502.727
32.221
98.963
-39.397
-12.895
-21.643
-27.405
-27.458
2175.05
419.364
56.274
50.089
-1.434
-1.26
44.847
466.004
143.591
15.668
117.88
76.722
11.665
134.275
91.895
2192.95
631.755
67.773
179.1
77.004
89.705
54.619
108.093
194.161
2378.63
43.179
2168.25
430.536
78.218
41.954
15.185
44.106
36.558
32.318
-4.079
-17.792
24.474
1.545
2193.35
2140.02
3.854
110.539
41.046
25.099
106.65
2160.66
-0.247
10.13
11.766
425.463
-26.183
12.249
7.121
-5.314
-3.196
2.393
2154.8
17.963
25.872
429.041
22.446
44.039
-6.765
22.324
10.11
20.488
33.356
12.941
2154.42
429.361
6.236
10.27
-17.688
40.073
43.196
2130.43
423.705
13.463
18.059
-10.033
14.836
-20.824
23.434
2167.11
-0.583
37.671
27.141
2138.42
-17.218
-20.955
25.581
43.114
33.321
-1.714
2154.3
52.917
28.025
429.15
2158.61
12.301
-3.998
55.661
17.288
2120.56
387.376
20.851
21.388
-4.104
-19.083
6.13
-13.071
-6.98
4.344
121.346
110.401
2230.22
76.458
51.759
17.946
2164.94
457.596
93.986
-19.758
2149
13.151
3.437
5.846
14.8
9.895
-17.764
6.178
389.719
6.685
2183.06
44.605
60.261
41.03
2451.72
522.388
370.373
3383.04
758.091
362.068
744.565
348.242
750.592
5356.72
2216.38
505.258
2231.61
2155.22
463.359
374.312
362.02
126.787
352.402
151.961
147.313
273.094
2834.24
66.168
508.725
842.527
842.482
1883.28
1870.88
1870.18
2309.86
409.201
419.56
2186.68
2117.95
427.493
1478.52
389.364
368.592
2273.48
41.576
72.18
2270.73
474.963
404.078
386.27
2321.37
436.515
2155.75
181.894
213.297
387.963
314.207
300.154
313.929
483.293
381.767
174.988
179.292
194.589
369.435
373.196
179.398
2209.33
416.605
304.484
311.388
400.611
201.638
2167.41
391.206
318.113
2131.38
404.427
428.42
41.934
21.39
35.81
2155.62
55.295
131.734
106.803
26.65
44.31
43.844
444.467
95.773
2159.37
380.137
204.547
2131.27
380.387
2126.99
257.907
234.049
366.294
2153.55
73.901
384.611
93.175
121.767
45.864
82.201
37.783
142.381
2224.47
391.769
2135.16
41.081
68.751
92.141
31.741
429.122
62.442
75.211
32.523
33.686
66.638
44.602
387.906
64.212
46.01
107.984
91.621
2194.97
420.383
80.314
405.214
26.44
61.518
57.879
28.473
50.365
45.729
50.569
33.145
38.681
60.703
93.047
698.877
346.491
361.482
280.484
377.021
200.314
209.198
361.393
2218.45
433.24
97.677
97.401
97.348
113.605
113.247
114.612
385.639
91.361
125.562
2179.79
436.839
94.551
529.967
350.645
134.978
148.366
49.706
190.857
69.472
189.506
2279.97
74.882
54.514
2153.28
406.279
82.646
76.81
61.372
61.444
68.14
56.059
63.472
49.817
38.622
2150.19
70.589
51.863
73.186
417.066
46.513
65.046
38.072
71.144
70.988
72.644
2150.9
55.738
91.916
84.105
51.256
421.348
118.561
55.193
116.256
2135.16
74.568
55.964
59.474
73.047
403.516
71.816
75.102
55.897
121.25
126.228
2200.74
58.184
79.378
44.291
80.239
389.303
54.515
58.332
70.181
402.444
49.82
66.333
2133.42
45.944
84.27
83.897
138.645
80.884
