631.337
128.094
126.93
122.785
2133.16
119.269
2121.53
360.371
2107.46
2124.65
119.596
2140.29
362.611
2128.11
114.986
-38.151
2117.18
2117.85
376.662
2113.77
116.865
2116.7
2114.13
368.988
2111.05
121.958
2109.6
2102.04
529.898
207.071
-17.411
18.092
3359.24
367.54
2125.76
-26.308
-23.014
2105.14
-0.274
-31.451
2116.33
415.787
-2.154
-40.034
-44.629
2118.84
0.11
388.281
-18.314
-35.728
2121.63
-33.342
2114.93
-34.201
377.673
-42.345
2106.86
3.267
1.288
-31.575
2117.33
392.652
-14.701
2135.32
-22.074
-42.325
-29.463
-42.42
2145.5
40.77
57.409
-20.101
2147.79
366.891
-25.95
-26.1
371.965
-22.855
-42.213
-46.19
2106.42
-33.65
40.639
366.384
-27.49
-27.948
2115.02
-35.84
-43.051
-21.293
2123.03
372.154
-28.138
-12.555
-12.904
2132.22
52.754
418.246
-38.527
26.167
2185.49
-34.645
2143
-19.12
-31.22
390.533
-22.855
2138.03
-1.001
-5.384
-27.942
-30.15
-36.332
-28.862
-33.24
2140.68
456.506
48.285
389.589
8.454
-5.208
6.543
2162.53
-15.906
-22.974
-31.195
390.516
-38.245
2155.56
-35.967
-10.075
437.144
67.393
-2.765
-20.338
2207.5
59.867
17.113
2149.34
-23.414
-12.29
390.165
2142.67
-16.723
2136.87
479.864
-20.149
71.892
61.041
2228.01
6.353
2161.61
-6.258
453.617
56.516
25.175
2215.42
437.932
35.064
89.33
2252.75
-17.504
2205.83
422.538
-4.896
74.748
2166.22
36.419
61.683
149.048
2301.18
396.18
-24.559
-3.063
2224.31
2020.06
381.999
-17.73
80.541
-17.914
4087.66
2194.8
2153.99
-25.772
5.651
-7.458
2137.26
432.506
47.784
7.07
0.804
2131.19
371.623
-22.386
2183.66
416.398
1103.2
53.733
2159.27
378.319
2133.93
-15.33
2119.45
363.717
2145.73
93.369
2130.6
381.718
-41.179
2111.97
2155.37
528.005
393.911
63.305
2144.34
2139.61
35.063
2134.25
396.483
392.026
-34.726
2148.66
387.365
141.01
2178.28
385.78
-1.238
382.57
384.742
28.949
377.248
423.777
-18.367
707.132
140.38
116.729
378.732
379.293
363.434
382.588
369.083
379.127
369.323
379.942
31.011
431.958
470.67
379.765
386.411
373.745
468.576
64.502
372.622
382.422
358.498
392.609
371.591
400.573
372.889
590.257
391.269
437.843
378.715
-5.53
-44.609
-44.654
