381.993
372.328
372.477
482.432
1147.95
1075.47
1040.91
1028.52
1072.91
1048.56
1041.91
949.347
2401.57
925.939
914.407
436.464
962.511
920.18
916.03
946.155
947.666
2189.43
942.935
926.411
912.883
920.086
2166.42
508.27
976.634
539.28
1071.36
1041.78
954.684
948.126
905.386
1109.67
1129.65
1049.92
2264.16
412.301
915.66
912.579
908.964
2168.9
926.879
918.482
960.805
929.303
913.847
2132.05
414.7
933.614
908.285
985.984
913.463
993.393
947.654
989.83
971.392
930.543
927.153
996.016
920.931
941.55
2166.01
386.744
933.721
916.346
927.664
916.935
494.509
932.789
1050.48
958.646
1004.57
902.728
1120.49
1073.85
1005.81
2193.04
949.121
922.927
919.442
914.994
424.692
907.27
2127.68
501.747
995.476
988.087
1022.14
928.474
953.12
1045.31
984.377
907.581
2432.24
924.098
931.421
2183.81
961.128
2187.2
410.766
906.857
945.632
918.477
920.15
913.888
943.665
955.278
918.526
960.55
437.812
922.503
2136.58
948.317
937.328
1014.71
928.42
931.45
936.788
403.467
933.435
917.244
1006.03
960.118
943.622
2152.11
915.86
920.706
425.527
953.488
957.459
900.883
912.01
993.574
456.803
993.355
950.798
941.927
968.074
952.375
955.973
2198.7
898.818
908.129
919.972
907.121
941.677
931.345
935.196
950.826
437.692
938.588
2171.59
927.997
903.871
913.371
941.526
920.948
912.27
962.874
931
949.835
2201.03
434.509
991.506
943.328
955.047
974.23
904.509
930.333
914.695
926.627
913.448
933.872
974.031
2162.85
936.561
913.434
928.27
934.358
487.548
912.571
935.361
914.698
917.936
913.321
918.389
918.14
909.358
628.091
1025.12
1049.81
1046.98
956.91
930.116
1117.59
1066.23
935.61
3711.51
2139.28
967.676
923.437
969.595
941.942
922.241
957.813
936.628
918.117
430.977
925.198
944.632
926.825
1012.41
924.147
944.009
926.941
2227.99
443.52
942.384
947.141
2125.06
941.223
930.606
1022.35
928.385
947.402
958.087
944.154
407.435
918.528
2151.25
926.833
919.632
2146.66
931.159
896.587
951.406
911.978
2147.09
947.084
961.334
965.162
397.538
964.575
924.539
894.422
2131.55
922.753
919.03
910.617
897.577
912.828
904.169
2165.36
907.671
950.256
955.423
967.44
910.13
2244.18
933.871
949.228
907.174
946.994
919.824
2170.52
931.096
933.207
394.398
2152.5
639.384
1182
1160.45
1046.49
1019.51
1169.06
1129.72
1028.4
1180.37
2292.7
484.275
1137.87
944.727
1103.06
1208.41
1799.7
1142.43
990.656
1026.38
2195.24
1835.24
398.912
1274.41
1044.23
1040.44
1133.49
961.752
1038.84
1068.42
3391.11
987.109
991.376
976.139
388.894
960.612
893.769
408.144
906.395
986.412
958.644
968.314
392.788
436.604
1192.94
1017.96
1080.6
1087.1
403.9
959.353
399.307
1070.06
1086.3
1064.06
418.887
1095.98
384.537
1219.84
1419.73
1235.08
1435.71
1443.2
1206.69
2289.13
1086.2
1072.99
2153.65
405.579
1108.37
1131.22
2293.79
447.733
2199.03
2164.61
1060.86
488.634
2143.64
462.735
1150.44
1143.2
2156.39
913.382
902.576
916.026
2144.56
963.245
436.402
2142.33
929.376
432.415
2169.2
384.87
1068.48
2140.37
414.794
1195.74
2134
389.994
917.117
1081.85
2155.44
2137.19
924.863
422.843
2140.94
932.45
7263.08
503.841
6655.85
2206.48
2154.76
395.347
2164.26
377.523
2163.16
385.921
2155.71
2155.33
2184.62
2147.51
432.778
400.716
2214.26
418.855
376.068
414.87
2182.91
392.852
403.039
2130.26
377.295
2146.71
428.139
2145.11
396.126
407.441
2114.14
430.63
384.066
2163.06
424.1
2154.9
387.111
2195.73
417.521
440.672
395.654
2208.27
419.979
2141.59
402.127
2139.08
412.496
391.807
394.007
390.893
2198.35
392.252
457.579
473.424
373.813
2214.15
424.132
404.927
2165.36
422.205
418.656
2268.99
2123.21
2131.12
2143.69
2106.44
2132.55
2136.24
2143.88
2189.75
2115.46
2127.54
2124.59
2135.22
2198.39
2119.73
2149.78
2141.87
2238.36
2121.13
2128.52
