-4.911
2.603
2183.88
-39.3
-37.928
-39
-30.146
-40.168
-29.531
2236.13
-19.878
-39.069
-25.324
-33.35
18.967
15.24
2143.62
-22.635
-38.712
-57.467
-51.645
2108.88
-40.656
6.263
2108.36
-30.807
-40.173
-40.076
2104.76
-19.223
2118.99
-25.268
-29.895
-30.568
2117.51
3.41
-33.945
-46.67
2129.26
-32.214
-23.824
-45.217
-29.255
2124.87
-34.4
-17.058
2133.66
-29.315
28.002
-14.41
-42.299
-12.259
2131.17
2113.64
-24.949
2131.91
-44.458
-40.472
-29.194
32.764
28.785
2126.53
-20.086
-19.749
2.487
-34.758
2158.23
1.583
9.529
400.847
243.359
2.801
230.898
2135.07
117.099
370.471
128.127
2112.87
-31.634
371.92
2139.28
2130.95
459.306
324.094
508.359
98.74
408.04
-27.208
-26.573
2127.62
413.453
2125.98
374.212
2110.25
378.176
313.119
188.514
192.108
2184.98
2159.77
394.988
6.309
2127.24
379.551
-34.796
-10.798
2139.36
377.574
4.035
2131.75
5.395
442.519
2229.09
-4.902
2124.17
373.862
2150.03
411.385
35.734
2167.42
368.197
20.83
2124.78
6.943
13.464
377.704
2127.68
409.077
2144.92
-34.697
-12.866
2132.78
-19.183
22.034
-41.086
2164.95
2142.84
2135.62
382.135
165.238
165.52
-4.693
408.918
2205.86
417.515
2139.57
23.643
18.224
512.277
386.493
2190.22
2149.42
2135.42
141.019
-19.949
8546.38
1372.48
759.194
744.055
6216.93
16208.1
-1.626
-30.21
7.826
-28.085
-5.123
-36.393
35.533
77.662
-16.995
-29.835
-7.908
-5.21
53.968
14.555
-11.53
