2174.24
2147.05
2123.67
2150.57
368.987
2209.91
2126.13
377.253
2126.35
2122.88
368.258
2152.69
366.387
2127.09
410.838
2116.77
372.343
2129.39
76.457
2133.92
376.999
356.989
2145.74
475.171
1159.06
944.864
1065.09
946.585
2163.22
2171.78
383.327
2146.72
2128.9
461.797
2239.56
2125.58
2125.99
2114.74
2130.52
387.127
60.546
67.111
2131.23
2139
413.429
2109.55
434.448
2112.68
414.422
2157.54
229.382
373.727
398.154
252.597
411.03
365.791
240.572
371.882
463.939
2145.43
2110.05
389.656
2170.05
383.016
2146.04
384.539
2116.06
421.513
329.563
2112.8
380.366
2111.98
2110.09
2117.14
373.15
2104.37
2146.1
2106.99
403.124
2119.2
373.475
911.529
2114.91
70.676
2127.24
399.959
2149.42
316.533
289.43
2145.36
385.866
2142.43
2115.65
412.843
534.1
2140.35
130.319
2155.17
412.194
2126.34
2143.67
2123.95
2129.71
402.368
142.206
2184.76
2194.68
633.278
822.55
818.904
1205.99
2175.41
385.292
401.296
409.838
2141.23
412.306
2108.91
2126.05
392.668
2107.05
2141.32
398.817
2132.14
2134.84
415.524
2161.87
386.757
2161.24
379.845
1571.96
2261.05
2133.56
2124.46
283.016
292.53
374.744
2107.49
396.338
392.617
266.72
390.75
372.804
446.891
2125.83
2145.25
404.009
454.855
163.263
271.767
272.093
253.907
2220.54
2107.75
367.777
401.769
2133.27
385.026
365.993
2213.93
2112.17
377.091
361.369
2118.99
406.823
557.565
557.039
2122.49
374.937
81.226
2118.75
365.587
68.626
72.759
2157.16
81.545
64.713
2115.94
392.989
64.644
398.737
2134.77
64.04
70.336
412.943
131.191
2154.92
385.933
66.231
380.136
105.364
2157.27
115.653
78.778
2115.56
94.628
98.187
376.026
2125.58
376.792
74.812
71.985
75.225
389.136
2126.13
68.826
102.197
384.302
80.785
52.7
69.849
2165.93
366.849
101.501
99.316
2125.46
77.879
2116.02
101.839
95.879
107.921
403.21
2144.06
423.863
105.736
99.95
90.727
87.715
401.199
2138.16
55.705
68.92
2133.18
64.688
72.353
52.279
432.477
63.439
2130.11
421.373
2139.55
409.386
2145.06
384.426
2155.18
410.368
296.283
373.881
130.318
2132.7
505.757
1096.68
1079.64
1105.12
1674.81
2179.51
2121.84
822.669
2139.87
861.246
385.99
375.361
483.43
412.155
378.865
220.245
383.828
240.846
220.022
390.266
225.494
376.648
2136.32
2119.06
386.618
2134.83
2122.79
422.105
387.772
2122.36
367.442
410.259
2157.97
405.755
507.323
2227.55
2120.12
373.832
2150.5
376.525
2134.39
369.354
361.477
2123.83
294.787
2129.01
374.384
2113.79
2119.78
377.142
2130.68
369.12
2171.66
370.008
2124.47
385.13
2134.86
437.613
2152
381.073
2131.85
743.58
421.408
2123.9
385.417
911.195
2131.84
96.715
2150.58
2127.96
415.22
77.921
2166.32
386.842
265.018
2129.65
396.906
361.412
2163.24
2195.82
392.593
511.905
2114.79
444.104
280.596
369.51
336.636
116.709
2117.7
100.763
115.187
70.13
2133.27
390.351
2132.2
444.368
236.257
163.664
209.911
230.41
93.827
77.328
93.863
397.604
64.939
90.285
95.437
399.034
113.484
63.313
388.566
121.23
97.26
396.06
749.508
1594.71
750.832
545.851
467.617
736.734
126.826
1150.92
719.182
371.161
383.619
379.492
434.571
404.212
387.767
51.403
77.546
86.456
90
70.919
79.092
111.14
122.073
57.416
67.789
93.317
142.995
92.356
113.281
59.313
51.915
134.011
167.872
118.996
115.058
155.094
76.336
117.739
59.365
135.938
695.137
