2296.76
2215.67
2210.37
2212.23
2209.55
2252.33
2220.26
2247.19
2227.05
2237.5
2210.33
2225.19
2206.85
2200.88
2209.33
2208.56
2208.37
2207.59
2251.36
2211.59
2217.59
2219.86
2216.6
224.622
754.09
114.599
541.393
414.184
176.165
181.429
175.544
212.136
182.645
295.511
500.693
112.787
195.591
346.034
144.712
322.361
200.342
2338.57
615.553
246.385
131.263
201.341
178.08
115.247
125.057
120.821
150.078
151.833
2263.07
542.132
127.05
140.988
72.991
145.576
99.247
75.754
107.224
136.812
138.383
107.711
102.152
93.266
102.806
104.763
118.293
612.295
211.164
93.406
147.055
88.581
84.35
108.154
2308.13
94.303
146.913
77.808
535.684
114.258
140.618
2256.55
146.215
106.291
97.368
134.366
134.197
129.957
111.187
140.845
106.94
134.153
2258.55
202.903
207.747
571.393
100.168
191.812
197.091
171.11
229.477
204.126
2295.62
94.116
698.604
148.871
117.432
163.062
166.821
255.072
359.036
259.793
190.391
186.593
394.169
457.827
217.781
144.833
382.258
350.865
374.993
2393.97
554.579
101.318
121.141
2282.76
141.542
93.762
160.715
83.347
136.975
191.307
2305.31
527.243
400.007
135.485
364.755
571.237
356.924
165.741
152.144
448.367
302.449
374.992
254.079
253.588
424.048
410.809
203.261
287.178
2332.42
506.902
89.955
2226.54
2306.45
2953.68
573.486
167.215
132.963
235.66
219.938
204.421
444.984
142.284
132.296
364.939
187.526
404.747
86.278
98.264
275.755
207.718
229.743
2473.12
552.72
103.834
187.925
133.829
119.724
630.302
173.007
210.116
156.926
589.102
269.076
450.674
342.421
1332.47
120.607
693.274
2901.57
234.633
579.261
318.568
264.492
608.332
255.28
229.894
293.082
290.203
2277.12
555.63
118.958
120.93
2261
509.729
155.034
179.707
143.547
149.736
113.9
2255.42
597.333
233.091
153.903
2292.95
624.107
157.241
809.437
869.913
205.995
818.369
820.466
223.77
2419.61
128.205
145.557
139.671
2313.18
83.777
100.588
102.418
92.224
518.232
75.971
95.422
2239.89
554.422
575.746
191.237
174.774
148.945
2244.24
142.816
141.211
108.12
539.803
92.963
2257.82
100.092
510.049
149.162
120.53
129.248
2307.23
75.103
2247.24
100.566
66.995
205.205
137.337
2346.28
713.045
2472.47
570.343
2338.27
2229.77
495.075
2214.37
513.598
2222.03
514.169
2226.1
2228.41
2225.61
519.056
489.856
2233.2
523.886
2243.49
495.67
497.617
2217.98
505.707
2223.83
490.481
2215.37
496.981
2217.07
514.649
487.055
2261.88
495.031
2236.79
494.644
2213.28
492.808
2266.29
2220.69
495.742
508.955
2216.37
537.953
500.751
2213.03
515.751
519.244
491.483
2246.88
2209.63
489.742
485.862
2264.36
2246.62
488.729
2218.76
592.111
513.514
2232.16
508.328
544.303
2259.24
562.105
2244.22
503.964
2224.71
533.736
2256.01
2225.72
527.247
515.587
2252.41
515.865
2252.79
2245.84
2216.88
502.272
504.492
2234.99
2238.4
511.311
502.262
487.607
545.108
511.058
506.92
498.034
508.15
512.32
501.916
515.859
588.766
2340.08
564.184
2260.57
2220.14
2217.24
2218.19
2224.72
491.401
2244.81
503.275
2226.55
2227.18
497.997
521.367
2219.67
495.266
2238.23
506.209
505.763
502.074
2268.25
510.062
503.488
2243.94
526.402
2255.24
2233.84
509.893
503.735
2235.14
501.014
498.55
2228.5
505.22
2213.12
502.986
2236.18
497.61
2218.65
558.341
489.691
2214.55
2223.53
509.398
2216.14
489.612
2777.38
498.685
532.084
511.123
514.722
509.35
533.997
503.001
2204.22
507.425
507.764
2222.73
509.443
504.028
499.338
513.479
2316.42
2222.61
513.584
2227.24
2285.64
563.286
509.989
2275.66
2241.72
493.873
485.16
2229.64
2203.67
517.14
2217.63
514.44
2213.45
502.744
2214.66
511.603
2224.94
502.304
503.903
2209.31
506.761
2230.56
486.5
2220.48
489.852
509.154
2241.5
500.475
2204.32
504.623
2214.82
492.523
488.252
492.63
2226.83
520.098
2234.63
516.302
2206.03
497.469
505.459
2210.27
511.476
512.465
2265.93
512.517
484.482
2205.47
2223.58
520.603
499.099
2231.26
500.553
504.373
2237.98
503.379
2225.68
497.465
731.902
2258.85
2208.54
512.94
2229.24
516.012
2218.46
504.261
511.457
511.253
488.141
494.214
496.042
512.458
546.875
2223.77
491.594
2219.71
2226.75
506.827
2213.77
2220.12
521.314
498.048
2215.33
485.349
2213.84
501.889
2227.25
2214.6
531.539
2257.49
2218.83
484.226
488.682
486.713
2222.37
517.89
2302.21
2223.34
489.21
2245.69
2241.79
495.204
496.444
2264.51
492.256
2223.5
2222.72
491.865
537.689
2254.98
2261.76
535.65
2224.36
530.678
2226.6
528.795
2225.43
486.581
2285.94
520.439
2242.84
2216.31
510.963
505.351
2278.53
521.453
2217.58
2248.97
530.643
495.542
2235.79
496.961
2268.89
560.357
2274.24
524.065
520.2
2225.13
503.509
493.752
2220.9
492.393
2270.57
516.091
498.897
569.518
2280.96
2219.24
506.929
2244.18
520.171
2224.05
515.003
2236.68
503.184
2214.03
2225.29
502.982
2231.22
634.562
2219.56
503.781
2212.7
2225.13
500.033
2215.6
522.719
2250.73
521.467
2220.71
531.676
2250.66
508.033
2221.34
506.033
2255.52
504.151
490.655
2214.3
492.222
504.61
505.013
507.853
2247.66
523.363
524.97
2239.54
2225.09
503.326
2227.11
493.593
2206.77
2227.82
489.022
2227.38
499.885
539.45
2256.33
505.82
2229.16
496.081
2222.74
487.041
485.793
2220.18
503.271
2226.61
518.552
2242.93
516.584
2228.45
2276.59
523.987
516.34
496.37
2214.45
481.934
2225.78
2213.48
500.495
