456.914
405.731
394.037
384.836
384.281
378.356
382.129
391.095
387.623
379.639
392.987
409.853
375.365
372.726
381.362
377.068
383.624
391.616
379.517
395.631
387.505
374.794
399.684
416
409.907
392.392
377.315
392.185
378.27
379.623
388.856
387.247
376.686
380.706
415.849
373.584
374.341
395.336
398.006
387.892
378.908
372.067
375.321
421.957
377.216
389.283
391.104
393.779
394.751
405.078
384.868
392.664
407.341
412.047
395.023
396.841
384.956
398.322
423.531
387.734
403.532
398.569
421.36
381.622
455.954
397.701
409.748
386.082
374.963
406.707
389.984
396.246
386.348
401.356
397.557
390.681
400.528
387.955
403.254
404.682
404.009
390.255
392.426
389.629
387.092
439.671
402.054
396.937
425.745
453.188
403.922
394.227
405.381
383.855
389.318
380.988
413.254
399.433
389.067
392.801
398.04
384.693
415.39
421.857
402.989
398.88
383.355
398.949
393.604
403.482
407.02
486.817
385.917
402.678
393.944
410.093
401.073
401.932
435.435
460.1
410.124
388.886
395.24
394.294
400.676
384.868
393.728
397.08
385.149
399.843
402.798
397.289
424.112
391.501
404.911
385.635
398.37
471.416
2173.89
422.323
2167.53
380.822
386.374
2130.64
386.47
2136.96
2121.47
383.461
2105.61
376.482
2136.18
388.319
414.511
2184.65
2146.2
378.951
2127.38
2140.06
2146.95
376.222
2124.65
388.131
2152.28
380.598
1095.56
396.181
884.171
2160.69
891.944
2123.88
888.407
907.021
897.954
900.943
890.505
903.27
928.876
398.028
898.231
2141.45
901.86
910.224
906.434
910.905
892.444
898.588
930.21
955.796
933.748
925.196
5354.65
534.645
1139.83
1164.83
1007.12
1175.48
1159.92
1019.83
1023.34
1083.71
1017.13
6177.3
2234.88
441.497
461.545
1037.57
1034.85
971.847
973.604
425.135
985.11
991.01
2230.82
999.501
1000.36
965.515
975.86
433.629
415.551
1266.92
1249.59
1901.39
1254.7
1903.69
1265.37
1305.43
1890.88
2407.51
377.525
2251.63
1110.93
1106.32
398.949
2145.47
1275.64
1119.27
1275.76
1090.73
410.323
2158.22
406.961
1564.32
1539.51
1989.44
1961.66
1557.25
2001.07
1132.44
1125.31
1323.31
2249.26
418.831
2164.58
1073.81
386.825
1168.6
2149.3
420.228
2154.01
424.399
1162.09
2144.72
418.384
1073.55
1065.76
1089.01
2141.39
397.855
1062.97
1089.74
1061.21
2161.26
433.29
2141.87
429.374
1095.32
1096.2
903.511
2138.42
910.062
949.069
407.551
914.542
425.498
950.934
397.204
2203.98
1119.2
917.54
1109.41
396.893
2149.69
1079.01
1088.23
454.254
925.901
953.842
2721.75
524.893
2302.2
2357.02
2226.68
2192.86
2220.2
2366.13
2256.54
2132.51
2136.73
5842.48
2285.02
418.707
441.027
2184.5
398.242
2144.31
480.167
410.167
2113.16
414.663
2186.34
403.977
507.247
2270.57
437.251
2142
2122.78
399.395
396.981
2181.21
390.705
375.193
375.279
2137.8
446.357
382.141
399.383
2141.67
2195.96
2141.73
2278.45
2439.89
2454.29
2130.69
2159.67
2169.34
2142.49
2202.07
2144.41
2148.83
2135.72
2162.08
2151.62
1069.64
920.532
10279.1
1105.6
928.994
1087.42
906.301
917.342
938.274
8884.97
2241.71
944.919
930.706
925.804
897.028
993.927
918.311
914.615
2217.67
925.311
926.424
946.623
2167.17
960.028
957.605
1011.2
983.269
908.881
923.009
968.121
954.414
2294.43
961.181
915.023
922.328
906.995
2138.85
932.59
923.976
939.537
939.703
893.132
2160.44
1088.36
1035.8
945.922
961.017
937.021
1006.94
924.249
1033.94
2251.39
922.446
974.892
1011.31
1071.88
928.282
1006.87
1006.39
1020.23
994.362
998.009
2244.65
1118.43
1326.98
1453.39
1319.3
1127.62
1156.19
1426.43
1248.82
4090.17
7689.13
2283.59
997.267
1023.67
1063.65
1041.94
1023.78
2186.05
907.763
941.637
918.058
2189.57
910.773
895.428
882.118
907.854
2164.72
913.643
949.315
2146.7
907.658
928.519
2170.08
908.589
896.338
934.021
910.023
2155.54
929.78
946.218
890.051
895.899
917.946
906.666
904.559
1121.47
6402.4
2068.48
1277.72
2682.39
3463.49
930.877
904.353
929.052
958.786
983.294
922.95
914.593
931.716
937.668
1028.01
946.858
920.213
1002.21
927.626
976.32
961.975
904.591
979.215
953.245
