43.632
202.692
202.24
201.671
201.355
201.528
194.801
200.301
195.069
189.456
190.981
25.864
125.025
131.593
112.294
115.407
126.049
114.734
136.076
115.183
132.561
140.267
121.112
155.479
125.838
161.717
90.444
142.076
131.876
100.849
94.679
237.393
240.014
133.645
129.508
130.5
130.824
137.233
128.705
129.425
130.963
77.396
79.664
64.326
69.464
66.432
68.1
62.214
16.358
41.052
147.997
135.143
129.622
112.943
131.964
109.772
82.703
146.077
167.539
72.747
93.132
70.729
77.381
77.873
63.53
73.799
66.038
206.84
207.233
1373.14
5804.1
3346.03
6238.47
3872.89
7074.35
7147.99
7382.1
8258.57
11728.3
