2194.26
2167.08
2186.93
2166.72
2164.63
2155.62
2165.44
2194.67
2178.79
2173.53
2160.36
2163.91
2157.93
2184.06
2164.32
2157.32
2176.04
2161.57
2184.5
2166.29
2160.4
2163.09
2162.67
2158.62
2164.81
2162.11
2168.65
2171.74
2158.54
2179.13
2160.67
2180.66
2168.73
2187.72
866.287
2498.71
916.878
423.907
437.591
444.441
2175.3
437.861
437.156
448.406
433.22
441.068
437.133
430.141
424.257
437.454
441.214
452.119
439.911
441.988
428.34
437.895
2180.45
572.031
317.289
61.664
79.675
79.6
338.313
447.162
177.987
53.394
85.91
352.623
326.793
133.599
2320.11
480.202
99.445
63.618
72.661
48.52
124.037
83.311
76.248
48.764
57.799
2254.61
42.673
76.3
73.616
84.322
151.766
2239.36
505.883
118.943
62.685
106.443
102.451
2183.54
45.312
62.976
89.539
74.885
113.114
106.329
115.864
169.715
160.292
163.182
2317.87
468.169
106.922
59.505
88.511
71.231
80.091
52.763
81.662
2229.3
76.942
77.086
76.287
74.862
490.485
91.533
2214.08
155.087
131.666
113.541
151.092
107.144
100.497
100.168
67.7
91.339
509.011
85.638
99.124
2245.66
68.071
71.734
69.205
98.317
869.774
464.668
195.064
154.272
166.463
283.201
198.21
73.258
275.67
106.049
340.011
196.632
191.582
69.175
2194.72
115.287
116.124
43.453
481.329
73.012
61.331
64.064
103.744
53.643
67.465
126.143
479.656
76.484
84.186
2209.47
98.007
72.464
2252.39
145.841
56.263
80.675
78.224
63.16
140.629
466.81
54.742
65.131
65.941
2256.48
125.416
97.183
58.702
87.881
487.617
659.39
555.963
180.149
172.734
308.804
164.586
326.603
190.325
243.266
359.522
425.333
463.124
127.721
3546.97
524.351
106.272
92.324
97.154
140.889
135.253
123.91
2217.92
85.517
526.847
102.357
100.578
68.858
60.316
2215.61
485.002
88.661
93.059
116.557
103.712
129.076
73.984
91.803
106.703
122.54
99.819
183.993
188.772
2319.81
97.39
148.786
96.034
81.259
93.049
142.306
91.506
505.542
99.596
98.473
162.389
150.991
160.968
2312.57
132.762
98.766
120.397
538.524
159.434
112.845
2244.08
93.522
113.733
86.782
577.132
152.638
141.748
98.255
92.786
99.331
531.298
131.951
89.692
83.19
111.741
110.086
91.196
110.989
128.917
118.493
134.006
140.549
546.218
244.139
168.764
143.078
112.185
173.561
78.953
131.86
2397.13
520.078
79.088
79.087
522.733
235.392
159.816
173.199
126.165
208.98
192.397
276.655
323.62
297.263
106.911
135.201
140.289
2303.72
469.63
99.507
72.512
105.819
2188.16
60.156
455.049
70.254
81.783
65.373
67.979
174.359
86.859
523.349
115.213
90.07
2250.78
114.016
119.226
38.612
2198.15
516.794
529.087
145.674
159.249
152.806
109.368
136.698
72.105
79.048
91.793
532.501
156.103
101.828
118.23
112.059
63.273
93.929
2287.16
97.034
70.984
79.26
194
2195.18
467.408
87.511
113.476
99.665
583.434
166.544
351.587
120.44
467.043
113.408
97.031
185.226
160.3
323.403
453.068
207.196
406.664
2289.72
467.956
179.08
148.261
149.135
67.623
64.549
2213.49
455.197
180.458
89.697
112.084
102.831
124.114
108.119
2319.05
472.391
352.071
1980.62
78.702
202.458
441.079
358.504
116.635
284.764
221.371
95.248
71.674
2228.35
102.964
136.076
2233.46
1459.61
593.532
324.113
1427.04
162.575
175.26
197.922
210.798
174.687
171.773
323.002
2313.61
99.017
142.136
456.765
54.782
59.942
100.429
72.865
49.173
475.209
90.133
92.882
440.273
82.339
67.269
67.272
61.082
70.203
105.895
99.592
2302.59
96.701
136.7
532.3
76.27
119.571
65.694
56.124
48.729
80.514
70.327
2239.94
531.061
56.101
69.982
461.456
53.209
116.775
116.099
90.46
73.64
2244.54
88.316
106.494
2199.69
74.233
49.209
484.983
90.567
72.4
65.656
2234.69
507.853
77.998
116.56
457.786
2194.37
87.767
448.787
83.204
86.529
2177.82
79.666
70.397
2196.37
111.902
85.182
557.044
2233.49
91.191
80.367
91.558
536.921
3494.25
2194.32
2174.98
440.483
2172.24
466.176
2170.07
2162.47
2173.9
2169.96
459.014
2190.44
466.101
2169.51
450.141
2169.93
2166.88
440.263
458.532
2196.72
513.747
2176.96
465.112
2161.74
430.33
2201.83
2215.17
448.119
2183.86
2166.03
443.991
2187.61
494.903
2178.45
456.336
2172.59
446.253
441.945
2220.93
435.616
2169.67
2176.38
439.27
2179.68
452.217
449.797
2232.95
2176.14
464.718
2283.75
2181.07
448.603
2170.26
2185.11
2179.18
466.209
2186.06
469.148
2183.2
461.152
596.248
2236.8
457.933
2198.76
449.034
2174.16
2163.58
454.34
2163.56
2184.17
434.597
2168.16
450.4
2156.92
444.279
2204.22
2168.58
457.334
2187.83
2179.06
441.789
2173.82
445.553
2179.52
433.874
449.697
2175.22
443.342
2185.08
2178.44
441.652
2172.33
438.334
503.407
2225.47
2189.7
497.134
2197.32
440.878
2172.41
464.303
2182.13
2167.66
435.716
2183.05
437.319
2190.18
453.442
2162.19
2176.84
453.933
2153.88
2182.83
2171.16
448.469
2182.07
441.834
2184.36
457.61
2188.19
498.636
2206.59
2173.94
2166.5
2178.29
2156.21
467.823
2186.08
2178.89
443.085
2177.59
453.082
451.731
2212.9
2191.41
506.378
497.217
2211.51
446.662
2180.55
439.738
2178.09
466.483
2178.16
457.263
2167.21
436.186
453.628
2225.55
451.171
441.459
2179.11
494.411
2217.28
428.603
2173.59
2170.3
2173.8
2178.15
444.602
457.715
2255.28
2174.94
2178.69
427.213
449.704
2164.3
441.132
459.025
2190.44
437.117
2194.51
479.236
2221.12
2199.37
2186.4
441.95
2165.05
2165.27
2172.06
434.512
2179.78
2166.32
2183.34
513.097
2178.83
