2239.99
2136.76
2106.59
2101.66
2106.35
2113.13
2101.89
2105.26
25.69
2116.85
2116.41
2112.1
2131.93
2099.01
2132.64
2113.12
123.028
2106.5
2118.97
119.227
2119.36
2104.53
135.756
-7.987
-4.507
2170.53
2115.07
2107.45
116.278
115.69
-48.866
-40.967
2122.17
2152.45
2147.64
26.08
-19.598
-18.58
2145.29
2114.17
2113.21
360.266
2125.74
395.437
2141.4
2113.13
380.173
367.993
2185.03
133.537
366.598
-21.155
2133.16
-9.924
17.114
367.723
2121.45
9.226
0.647
2211.59
49.527
419.642
-6.815
-17.14
362.145
2131.99
-15.092
-24.628
-24.286
648.412
549.137
490.32
268.297
7249.6
2309.73
597.229
539.161
328.426
338.157
2311.82
488.238
255.859
658.891
249.373
398.735
-23.619
371.909
125.933
143.317
393.043
-12.563
386.324
2.749
28.844
-28.792
393.527
-12.631
-26.609
-8.141
-15.697
-7.755
-6.216
368.186
-7.752
29.705
-5.025
520.675
105.621
426.213
17.462
97.527
8.824
-27.899
-9.793
439.21
32.429
437.034
31.938
160.446
-33.262
171.431
-26.697
-30.65
-34.901
-34.154
-46.935
-37.661
-33.722
-17.003
-28.756
-3.175
86.753
-3.749
399.983
