507.148
13928.4
7103.11
2243.57
411.108
2115.47
386.742
2139.78
2168.79
401.539
2148.61
443.215
2146.94
472.82
1199.9
958.651
961.958
977.907
1075.15
1186.13
980.585
1327.02
2264.16
391.848
931.46
1005.47
1009.81
2245.26
388.197
989.291
995.458
961.082
959.899
1018.35
950.122
963.05
2171.49
375.041
2231.1
2215.72
480.376
1166.33
1161.87
1169.86
1160.57
376.351
911.625
1102.53
1128.04
2133.74
409.408
2132.76
1054.81
1060.39
1075.68
396.893
2155.65
381.465
1066.1
1085.99
2140.62
394.541
1078.74
943.082
944.13
385.292
1059.49
522.466
1907.63
1128.96
1953.93
1505.87
1528.68
1291.17
1533.9
1520.18
2238.61
1122.21
1105.68
2135.46
408.645
2167.96
393.463
899.46
2194.3
579.742
913.072
915.455
964.113
940.262
901.565
1043.98
1076.91
901.839
2272.07
926.092
928.202
403.76
932.33
923.052
891.401
903.331
915.585
921.865
927.657
900.659
929.531
921.392
432.54
908.037
941.188
2169.24
900.842
903.345
901.257
939.213
944.431
889.274
921.153
915.43
932.15
910.263
2129.16
399.664
931.441
911.458
947.625
922.659
925.551
2147.58
913.341
900.608
402.505
903.377
904.302
902.161
907.398
2159.45
931.189
907.939
896.843
924.427
901.599
409.117
885.653
930.146
897.547
1938.68
487.996
913.908
918.638
1065.65
945.67
931.116
1092.72
1202.51
901.89
2185.37
486.353
946.565
967.717
897.316
924.467
1006.35
2242.67
912.305
905.057
909.004
393.095
938.21
962.488
989.094
997.978
983.185
2177.88
954.384
936.32
904.629
396.703
905.479
924.627
897.646
938.383
2148.34
899.755
948.436
926.137
912.578
903.452
2130.22
913.433
907.998
392.465
945.796
905.099
2167.04
404.234
2115.08
406.033
924.778
940.957
924.228
928.237
397.506
913.15
913.21
913.411
888.481
908.063
2145.34
929.302
393.235
926.313
929.573
917.031
923.938
918.132
913.3
2166.96
399.297
963.041
924.482
2124.33
905.85
396.347
972.644
984.373
963.256
962.438
2125.43
904.879
918.193
921.878
897.359
957.74
984.913
421.235
935.961
923.745
2167.17
919.275
959.128
383.171
915.109
908.075
895.546
916.88
2143.15
934.031
922.18
914.193
899.554
925.026
2146
448.147
890.236
917.229
924.191
900.425
916.679
2128.09
903.983
905.768
901.571
910.238
890.81
416.148
898.928
924.609
2155.29
894.276
925.003
391.632
915.666
908.615
2119.45
978.786
972.164
980.439
938.672
443.025
894.379
2188.8
957.506
953.019
951.322
939.359
972.548
954.134
894.582
903.235
402.37
907.98
2135.91
926.135
930.016
906.415
898.68
395.909
911.347
402.546
1144.46
1015.35
988.39
1044.89
919.546
1012.63
973.798
1160.44
2131.86
910.975
924.956
910.363
933.303
901.341
934.051
2134.76
468.448
914.366
949.325
1023.91
2186.05
932.605
920.742
2162.45
6180.77
651.901
1251.1
1070.18
1166.04
1242.93
1221.23
1340.83
1133.88
1026.73
9376.45
2421.28
1658.9
410.972
945.581
1767.47
1114
905.924
1248.2
1121.36
954.168
2434.22
923.53
930.612
919.291
400.04
924.282
422.784
934.307
923.068
928.508
932.322
941.015
973.448
544.395
939.973
887.817
996.717
1043.11
380.421
909.68
2192.5
935.124
941.293
928.378
895.596
2112.7
441.517
951.561
984.504
1045.34
966.965
901.412
2191.15
986.911
955.17
906.492
412.538
919.51
926.041
2155.63
927.638
937.373
933.425
437.858
910.047
961.019
2170.94
932.075
927.294
401.55
2140.2
456.741
1561.93
2171.86
2144.54
395.91
1087.51
400.27
450.974
2203.8
432.182
1102.92
2154.31
394.593
2158.12
391.036
2111.87
402.291
1077.81
924.556
385.915
2242.1
2153.38
1563.02
595.668
1704.07
1892.12
2333.91
972.55
2244.99
3139.01
652.899
1330.83
2309.6
424.419
1274.34
2208.7
395.611
380.729
2138.67
2143.39
393.862
2145.39
408.428
390.248
2170.13
397.667
2134.21
431.829
2188.22
402.122
2152.54
2116.75
2142.83
1617.56
434.824
2542.44
394.34
418.627
382.521
2176
384.795
2127.46
2113.16
384.158
2117.7
385.163
2132.02
393.4
376.886
2113.79
384.103
2119.69
2110.51
388.978
384.152
2115.01
401.02
371.371
2113.69
2126.4
2127.77
1059.65
2325.97
2132.41
2120.47
2182.42
2134.07
2147.36
2131.12
2115.67
2147.32
2128.88
2130.76
2122.07
2149.38
2135.74
2151.71
2145.75
2135.83
