2176.82
2177.66
2177.28
2178.57
2182.54
2180.28
2174.95
2177.82
2180.65
2188.51
2173.7
2179.12
2190.73
2170.53
2184.69
2188.78
2180.3
2183.81
2191.61
2194.58
2179.47
2187.64
2197.66
2197.85
2175.97
2192.59
2239.95
2181.33
2174.76
2172.83
2185.09
2201.76
2181.15
2184.15
2187.47
2184.52
2182.34
2182.52
2172.54
2174.63
2180.93
2183.63
2188.81
2190.23
2185.14
2171.94
2182.38
453.125
2922.44
439.224
452.893
469.442
464.64
433.897
444.765
452.07
474.405
479.079
463.113
435.613
440.966
2183.8
2194.09
2179.97
460.955
2169.76
444.694
2172.92
453.178
2210.84
449.409
2179.95
459.121
2192.23
446.295
2180.9
444.062
2191.74
435.008
2182
457.084
457.189
2178.25
2201.54
2192.83
2178.21
2166.67
526.207
465.089
469.637
447.52
469.862
449.335
2196.03
436.401
2196.07
2176.15
2178.46
658.645
357.332
244.426
281.553
346.31
232.112
326.061
301.327
399.552
386.268
316.348
2334.62
549.069
331.54
270.053
388.102
167.444
183.06
270.881
197.247
295.439
162.188
310.675
2263.93
266.008
281.988
556.169
163.253
246.745
155.191
148.886
174.331
2289.94
155.194
163.449
2192.84
514.174
8785.5
666.051
436.238
418.235
280.031
405.849
409.935
252.365
328.995
375.27
309.818
410.063
13073
5272.03
2338.48
546.365
318.717
366.664
372.539
332.111
165.345
341.42
326.988
239.774
282.947
336.333
2238.76
156.709
176.81
204.186
224.583
219.199
212.071
528.918
219.818
178.524
223.45
2224.39
187.269
215.223
208.286
182.426
2219.15
464.776
262.179
236.417
154.143
230.567
190.173
177.58
174.841
187.269
205.765
169.78
2306.89
157.131
2233.68
137.521
170.035
192.052
190.793
176.653
230.416
229.672
172.808
230.293
2226.11
506.255
486.403
538.248
265.21
513.105
366.007
280.243
312.178
331.306
249.909
268.976
293.234
326.894
440.321
391.885
2350.61
241.528
217.46
235.62
2292.67
169.86
186.123
175.578
164.645
489.507
182.874
174.838
160.94
497.532
178.118
281.06
194.954
159.571
176.775
468.484
196.045
217.176
183.799
165.761
194.401
157.506
2310.81
493.209
175.657
195.315
211.497
223.536
179.539
161.534
2228.7
493.824
195.027
239.171
153.055
163.269
471.028
173.636
196.654
186.207
199.024
2214.12
2228.78
193.197
226.086
178.195
505.179
173.376
205.491
172.452
171.338
187.766
2224.2
477.576
163.921
232.174
214.799
2241.26
189.993
7517.88
783.11
455.554
6151.7
1521.52
231.168
313.135
1065.42
195.052
234.709
171.211
185.225
10469
2260.97
194.619
457.295
189.116
191.085
187.937
495.589
172.577
284.56
183.587
560.751
409.106
340.97
398.446
460.722
431.454
419.022
263.373
2346.78
179.014
246.332
216.506
2215.72
557.567
270.342
298.001
179.2
247.305
479.333
202.048
220.475
2360.53
492.369
248.468
223.983
537.365
237.891
208.72
468.842
152.623
186.118
166.743
471.306
181.485
155.22
476.546
159.137
149.392
168.76
213.628
211.383
470.773
192.069
188.892
193.161
149.432
507.147
187.742
194.912
2173.69
186.172
202.41
516.772
221.1
177.968
162.525
2193.89
491.415
177.401
2179.19
494.576
1215.62
223.678
531.707
2184.68
529.361
175.167
466.386
2179.39
463.81
145.32
2190.67
464.351
463.691
479.618
158.763
2208.28
506.28
451.654
2230.22
2181.97
169.408
448.918
2199.87
463.359
131.413
816.016
191.027
2249.82
2263.5
443.078
177.642
2188.98
446.002
165.502
2207.49
456.495
2192.19
548.698
234.069
2237.59
458.9
2192.59
186.369
154.609
2182.13
559.91
164.586
2179.41
452.539
249.767
2301.14
467.07
2175.21
144.105
2202.61
494.042
554.499
2290.42
218.509
2243.66
463.888
2200.99
460.646
161.505
2203.13
537.673
244.398
439.919
2217.34
2272.69
502.315
161.019
465.198
2202.2
144.279
2197.24
449.292
2209.99
169.85
477.344
446.456
244.972
455.956
178.735
466.588
160.993
474.286
140.859
454.88
439.459
440.878
479.648
2192.5
509.055
2187.23
461.468
2202.23
2181.73
2180.08
458.696
2177.68
446.034
2178.01
440.907
2201.59
2195.78
461.484
2187.75
457.016
2191.33
446.541
2185.77
2192.89
447.131
2183.97
445.616
2190.73
451.07
2177.75
2181.62
2175.38
442.807
2179.14
2183.1
463.89
2179.56
440.919
2251.95
2192.72
2171.9
2194.48
2200.1
462.323
2194.29
442.164
2181.16
463.315
2201.88
2177.85
2177.55
2192.49
454.837
2187.85
2175.38
437.127
2199.75
460.613
2191.01
2173.34
2189.23
462.366
2191.02
437.843
