429.002
460.335
497.093
430.298
436.157
2171.79
432.808
2193.88
467.379
461.012
2174.24
432.124
429.471
2158.13
431.154
447.311
2156.47
2156.67
437.365
442.773
2159.09
479.52
2178.32
444.765
510.92
2286.61
434.688
2161.04
2184.84
445.673
474.026
2198.12
2157.57
2157.44
457.137
2174.73
436.814
1518.69
531.875
48.077
169.094
295.77
57.468
113.108
25.01
17.116
41.237
32.453
78.853
79.196
68.117
300.16
358.634
2380.49
523.947
95.508
19.964
37.772
40.312
2293.38
520.266
30.705
114.1
117.998
117.442
2291.44
94.435
61.036
504.22
74.136
44.984
46.522
57.812
73.759
1061.67
103.723
647.841
681.965
109.042
721.67
781.125
628.429
662.917
799.83
743.375
105.182
3249.35
73.9
92.659
78.28
73.781
101.459
58.519
469.874
8.541
85.315
141.977
61.485
98.491
108.657
101.677
35.453
2295.13
452.928
50.618
16.201
2.152
41.289
491.862
79.488
46.441
71.247
30.732
63.494
59.297
1212.96
166.454
535.067
3645.92
679.527
269.3
356.168
193.816
3347.61
1695.88
142.16
2934.31
144.951
1427.56
2345.73
485.099
110.616
50.005
2195.86
501.362
47.912
54.527
53.433
73.713
542.848
83.495
2266.67
530.553
81.262
24.125
79.919
64.827
2196.84
32.757
29.889
-3.893
496.15
490.949
67.136
38.524
63.321
2.407
2210.25
483.694
113.955
522.515
148.595
78.309
103.624
2239.29
487.171
450.487
20.142
5.407
61.986
2264.1
1821.03
543.579
1153.77
1813.6
1106.99
2080.28
2269
509.215
2203.71
446.136
2182.5
436.794
457.999
2185.52
448
444.079
458.213
2176.17
537.369
2168.9
447.675
440.317
448.262
442.478
2744.11
447.962
445.081
436.393
455.3
454.192
2178.2
434.185
2178.62
438.259
460.855
438.961
2169.75
446.509
2152.43
439.855
2158.81
452.998
2180.13
448.265
538.996
2241.84
2176.09
453.397
2174.49
453.552
463.129
2196.9
491.758
495.98
438.93
2186.5
2167.52
499.74
2215.8
2181.62
436.022
2198.27
435.674
462.847
2176.64
2178.45
2173.84
465.908
2168.47
433.946
2189.54
440.738
2171.38
463.031
2179.42
456.259
463.895
2196.53
438.048
2162.04
459.074
2169.52
469.757
2166.68
452.434
2200.98
441.704
441.893
2169.44
450.444
2160.83
439.03
429.616
2198.63
461.918
2171.83
460.9
449.617
2168.78
440.321
436.135
2162.9
450.839
446.834
2182.36
2167.8
474.547
2203.9
2183.67
434.514
2178.12
439.524
438.714
2156.91
476.888
436.219
2172.26
433.814
2176.71
3493.48
439.794
6267.81
2241.59
2155.97
555.65
2250.37
2174.49
491.587
447.793
2177.62
2213.06
450.434
2173.83
446.3
2174.89
2181.53
452.245
2228.58
454.597
2162.23
441.273
444.352
2174.37
444.518
2225.15
503.928
448.924
2165.32
494.72
2227.62
448.168
2163.83
506.751
2204.43
438.09
2173.8
437.869
2191.33
2250.16
501.908
445.251
2171.26
2183.41
487.034
444.928
2172.06
476.542
2200.51
2170.69
493.349
2181.12
475.857
2174.55
2182.39
444.575
2177.88
2169.2
444.072
2177.23
446.185
2169.22
2249.24
495.916
3034.91
463.51
451.174
459.897
2167.8
439.383
2161.38
2171.49
503.532
442.013
2181.32
458.586
2223.31
463.946
2183.53
444.09
2162.73
449.552
2186.34
2227.53
476.877
2187.61
2158.86
2171.72
531.804
2257.64
482.535
2169
442.342
440.267
2164.26
441.746
2168.14
447.636
2171.28
457.619
546.149
2305.15
2194.48
448.136
465.506
489.296
2243.59
513.062
455.666
575.725
2323.67
482.046
2206.47
448.972
450.374
2178.84
462.054
2181.41
445.91
2175.17
479.7
447.948
446.681
455.278
439.961
472.445
438.409
434.301
462.068
2190.36
497.602
2188.2
529.31
2157.73
457.346
2167.63
464.325
432.512
2176.37
2202.15
457.226
2181.59
449.679
2160.56
446.103
448.783
482.933
2250
517.9
2245.33
452.981
2176.89
453.924
446.208
432.835
2184.58
435.837
2199.17
463.897
452.186
2196.11
442.874
2176.41
2180.43
466.458
2164.49
450.873
2170.1
2184.72
448.652
445.684
2167.78
432.821
2163.83
2177
446.98
2219.25
444.774
464.319
2173.97
441.304
458.988
2168.93
454.93
451.378
2169.57
447.149
437.675
2164.58
2163.91
462.135
460.938
2172.1
453.821
2189.47
2157.04
2188.19
461.51
2181.11
438.681
2165.66
438.801
432.179
2188.01
2167.1
482.589
2158.73
469.941
2217.25
449.436
2186.6
436.097
2175.13
449.37
2161.99
547.816
4063.23
2212.24
461.167
2166.52
2158.8
2174.27
2165.53
2165.92
476.627
2164.72
440.16
2174.29
456.388
2210.65
485.429
2214.3
2164.72
2215.72
531.515
2163.37
459.828
2167.74
2171.55
463.544
2176.5
438.118
2171.78
2165.97
449.238
2173.48
2178.12
1865.54
550.397
3348.36
2181.46
442.796
2172.71
2186.48
2185.31
453.976
2195.38
445.08
2172.38
2181.57
2220.82
440.23
2176.68
452.187
2170.99
2162.39
2157.72
449.129
2162.22
2182.83
444.139
2155.21
2171.3
437.717
2169.58
2173.44
2190.33
2167.86
472.781
2179.93
2190.24
2195.78
437.241
2171.49
2176.61
432.24
2157.87
2171.57
2216.03
448.927
2252.3
2162.05
2164.49
2171.99
545.974
2187.2
2167.01
453.124
460.186
2157.93
434.504
2171.66
2221.36
2175.43
439.758
2187.27
451.251
2182.78
446.643
2177.85
2222.34
2164.72
449.356
2196.37
444.33
2167.2
466.14
2204.76
451.844
2172.86
544.563
2271.22
2201.99
436.233
2165.95
464.309
2190.93
2161.01
441.093
2171.01
2180.29
488.638
1013.16
432.702
2182.5
455.608
2171.13
465.854
2169.09
441.775
2165.66
450.422
433.173
2190.26
450.737
2160.59
432.255
2180.74
453.889
2161.42
443.656
442.223
465.278
2223.29
497.745
2170.79
452.531
458.05
2165.88
443.933
453.64
453.245
2172.36
459.095
2166.54
459.542
445.55
508.066
2281.09
1746.87
568.53
3546.32
2264.52
440.527
2188.34
