456.993
27.439
2158.52
-11.073
356.081
-44.183
2108.19
351.547
-44.298
370.155
2117.57
361.082
-46.058
2110.4
2114.28
366.425
-51.348
2112.48
376.824
2111.57
371.456
2132.73
-45.48
2119.65
383.081
2109.86
377.372
269.63
2122.75
2136.78
2115.43
358.753
393.366
353.975
258.568
2192.3
2179.31
2124.69
368.279
374.587
140.69
416.981
191.91
-44.329
-10.563
-32.585
-14.509
-24.68
-16.893
16.943
37.974
19.237
36.137
12.984
137.814
178.456
-22.204
-24.565
-15.621
-36.5
133.916
178.062
-39.857
-33.114
123.198
137.889
-27.273
-27.358
-28.704
-29.997
-43.943
28.141
-18.893
49.435
23.741
-33.883
35.061
146.167
-2.202
-37.285
-40.486
133.01
-29.369
-35.812
128.215
-29.475
-27.421
13.247
-29.027
-41.019
-31.838
-34.18
-30.243
52.435
-17.39
-30.899
-30.824
-10.255
1.126
-8.478
-15.813
-14.746
-23.397
-15.219
-18.845
