2121.98
2121.04
2128.03
2110.92
2178.21
2123.88
2115.69
2130.65
2138.12
2126.34
2167.37
2155.98
2121.88
2153.52
382.827
2170.02
2130.14
377.181
2123.98
471.396
366.905
2130.38
375.75
2120.73
2139.05
368.01
368.271
2141.83
387.915
415.168
122.087
80.558
2118.41
-33.62
23.85
383.031
2150.72
10.106
-28.029
395.335
-28.924
535.386
116.06
19.951
415.097
-26.204
380.901
381.356
-17.498
398.419
82.002
-10.438
-2.015
375.853
-0.099
-6.896
371.97
-38.624
381.935
-31.664
38.224
-3.63
-48.789
-48.278
-32.804
-23.688
-28.268
-22.58
-27.311
425.542
24.55
7.409
458.798
420.44
-46.399
-26.04
-32.36
152.427
445.076
194.302
-23.904
-27.192
48.908
49.708
-22.979
39.953
13.579
-26.855
-39.653
-24.295
139.569
291.713
683.393
146.492
-41.855
481.563
269.65
1.382
-31.097
-44.883
128.863
138.417
190.693
132.206
135.178
216.601
183.995
-37.476
55.242
-18.977
