2171.91
2210.57
2215.51
2172.72
2116.22
2121.1
2240.76
2122
2135.42
2140.84
2138.04
2157.45
482.1
2150.56
2111.43
369.058
2123.82
2145.47
377.784
2110.44
398.755
2132.82
2112.11
2130.79
369.769
2120.41
381.704
456.986
30.898
10.582
77.492
82.288
92.576
3074.34
3037.8
459.185
837.547
1938.16
1040.11
1711.94
1712.1
5139.13
2146.33
372.926
2114.57
2142.12
201.068
634.39
623.205
634.243
625.26
2104.11
376.501
119.519
2139
2136.19
566.679
-19.147
-2.953
2.888
4.861
9.204
2150.68
406.288
-54.358
-46.604
-53.024
2127.82
379.69
2123.48
364.187
2120.12
-54.694
117.129
2129.62
2117.5
391.175
396.319
145.602
382.968
-24.939
-25.883
11.898
384.445
16.8
516.975
533.839
2181.19
2120.57
2192.21
2116.56
-26.918
591.241
1018.56
671.086
670.438
2262.21
407.9
2131.92
2112.15
306.405
414.674
427.167
2110.88
2122.88
132.264
138.12
1917.14
450.791
2205.47
2133.3
384.036
360.708
2167.58
376.118
1320.49
1333.13
2117.88
-34.779
533.319
2325.74
184.357
0.411
-13.974
2133.06
397.884
-42.417
13.324
-6.97
2141.16
374.541
2111.17
401.132
2155.74
373.407
389.049
288.461
299.713
293.788
2115.31
122.927
107.227
461.53
73.973
79.59
122.835
46.071
91.386
2258.7
429.284
-28.877
-38.701
-43.678
2180.58
386.931
-40.669
-38.351
2132.82
-33.7
5.18
-41.514
10.191
-51.186
2244.65
399.878
-47.781
-36.587
-39.43
-18.486
2154.02
23.445
419.169
58.83
23.051
416.326
2163.03
2173.61
234.502
21.887
2132.5
416.11
-0.16
-4.831
17.424
-56.261
2163.69
519.984
137.607
-6.221
65.383
2131.35
407.495
2127.46
385.099
399.785
386.138
2131.05
2135.73
422.75
-10.497
438.447
493.717
2204.84
2119.6
558.432
430.646
105.034
102.467
2134.25
2125.89
2172.42
364.306
2124.46
2112.07
418.756
2157.14
376.226
2163.24
375.648
2141.61
401.735
2132.15
378.649
2128.18
514.839
811.094
441.237
816.587
833.943
2191.44
2126.04
2129.79
371.059
2128.9
412.913
362.779
2152.06
925.855
169.192
987.757
990.891
2119.36
382.967
455.187
404.826
2162.24
413.836
390.608
593.131
458.669
422.297
451.917
197.677
364.233
396.351
176.339
60.053
438.657
1.247
17.054
369.942
-43.775
-29.096
381.214
-62.495
-53.753
11.036
6.33
-44.349
386.517
-49.415
503.443
484.855
888.243
471.903
298.537
405.582
117.582
116.661
140.719
-79.291
-70.323
-53.439
157.681
127.019
-69.429
129.788
-53.877
-78.81
-58.961
-57.035
-61.142
120.339
107.961
-60.412
-64.373
-23.768
-43.582
-32.797
-43.37
-57.911
-44.794
-76.295
-31.063
-55.452
-68.171
-2.148
-70.872
-57.185
-23.477
-25.741
-43.313
-44.312
-78.378
-74.239
974.388
