824.916
414.589
150.737
2124.44
2115.63
2106.32
142.839
2111.62
2101.45
2109.96
354.267
2108.8
359.505
2109.33
365.841
2102.48
162.534
162.035
2112.42
364.073
356.987
2123.56
354.256
2147.01
134.427
379.021
2198.31
362.271
2116.55
124.912
371.248
2134.81
2128.56
370.652
2173.83
181.86
2113.78
374.834
2128.97
373.719
2114.37
380.098
359.166
2114.77
-9.028
2122.94
-14.827
420.646
-33.984
2103.97
13.745
2126.93
373.773
2135.66
-5.286
2111.11
385.39
143.89
2130.47
383.373
2116.36
383.514
2134.07
-7.09
2124.3
3643.34
502.528
206.756
228.174
6100.71
2261.66
367.474
2198.28
2158.14
2.775
388.758
3.77
2207.57
437.063
48.713
2214.21
390.567
38.719
2168.22
392.745
-29.282
2182.06
666.791
481.046
281.745
2295.29
370.719
2209.42
2110.86
436.966
381.436
137.544
2258.41
2126.32
395.494
384.734
-9.161
2237.29
2134.98
166.005
53.632
-28.535
41.154
21.199
