444.286
4000.75
2244.85
2218.7
465.831
2165.37
2168.45
2176.01
531.9
436.555
455.326
2238.48
449.813
439.096
2184.16
449.592
2171.27
2202.57
466.522
2173.7
457.99
2174.74
2161.97
459.441
2177.8
457.942
2162.11
453.356
456.47
2189.57
2198.58
443.559
445.253
2181.95
2187.34
443.168
2191.53
442.886
2167.06
2190.51
525.368
2205.74
2163.15
467.976
2176.55
2203.86
467.361
2187.5
2168.83
2173.21
455.284
4465.92
699.129
347.167
321.176
467.831
497.18
560.973
341.49
404.023
386.28
359.734
643.949
4997.24
2501.15
596.46
217.077
365.747
244.6
210.496
207.146
282.807
189.217
369.506
159.029
443.249
2253.33
168.339
172.315
178.661
432.823
431.712
440.006
437.82
434.754
439.535
454.663
2173.38
443.201
2176.9
449.345
2177.84
460.388
2180.76
454.663
2172.75
2182.76
2171.89
448.042
2187.1
2176.87
2176.5
447.753
2204.67
451.043
2177.49
2180.04
2177.87
491.173
2182.61
517.459
2220.02
450.558
454.922
2183.36
445.104
2177.28
2184.06
488.275
2220.5
462.42
2173.94
2192.39
2184.09
463.107
2181.63
461.62
2202.09
443.128
2191.82
2190.95
486.255
2218.13
462.982
1360.28
522.758
350.035
409.569
419.008
261.31
472.228
306.691
273.965
272.358
234.557
433.341
2386.24
507.591
181.447
154.72
156.945
194.749
169.241
183.278
473.501
181.926
161.038
2317.66
458.296
2194.95
146.609
169.363
164.298
2198.01
161.92
153.97
172.95
152.656
143.158
156.422
138.244
160.769
156.001
448.609
138.153
154.954
202.015
2227.66
163.716
178.895
166.079
167.399
158.844
2211.42
155.83
459.023
142.185
149.867
131.362
460.448
146.997
158.016
158.626
2196.31
180.951
175.954
458.76
159.486
149.252
2187.11
185.138
152.926
451.075
171.556
161.349
145.478
162.473
157.045
157.021
145.774
479.205
162.292
163.721
169.486
2314.64
530.869
198.127
217.503
239.162
145.077
268.513
223.032
162.591
180.505
160.289
145.189
156.642
2192.44
453.143
158.569
174.452
175.853
151.006
2194.83
166.84
160.673
463.589
163.517
165.332
154.93
156.965
173.094
4915.03
455.275
1004.1
1225.11
409.531
988.892
395.971
1015.35
410.762
394.714
424.376
422.448
5195.31
2197.39
490.861
619.613
2345.03
2202.25
615.385
611.545
510.881
2284.54
364.537
2269.03
488.155
177.079
165.738
2224.65
504.974
253.385
254.938
261.712
453.924
2311.63
2163.62
2268.23
698.975
2232.28
500.049
2253.65
488.167
2190.81
916.537
929.112
492.214
572.322
2258.33
463.869
190.094
2192.09
253.108
252.966
562.115
569.325
206.522
284.86
315.626
279.01
300.616
274.649
227.894
418.267
244.812
2377.45
187.234
223.491
219.876
511.259
165.814
232.172
212.983
172.792
176.322
2285.83
180.985
203.618
181.711
186.685
2194.38
485.048
158.631
196.145
189.706
160.85
174.092
209.928
193.307
159.294
182.87
217.419
173.556
161.196
480.912
159.584
156.08
195.223
486.704
175.003
189.341
2270.52
176.977
148.048
147.183
184.072
180.628
483.898
247.734
275.136
409.317
203.574
257.155
216.411
256.87
479.405
293.292
362.921
5542.91
2325.09
479.379
271.688
225.834
165.252
206.336
272.876
208.104
232.363
177.986
2263.31
2482.23
644.13
193.515
361.861
249.835
163.496
278.256
227.306
232.9
392.194
301.351
190.993
2406.24
546.485
186.465
194.484
207.06
205.892
238.808
2306.11
187.461
157.383
206.492
171.505
191.636
142.826
207.299
159.059
172.335
173.22
2226.29
453.798
217.816
199.842
207.706
172.319
163.681
488.784
181.438
177.614
166.798
2345.49
173.745
194.314
205.787
170.91
175.922
196.13
158.268
2249.12
179.486
170.157
210.88
184.819
602.627
262.41
149.289
239.015
164.31
234.889
263.593
258.689
2318.36
493.487
193.59
169.256
2207.43
148.689
176.285
202.977
184.896
180.804
220.679
181.58
179.752
213.972
229.725
661.494
310.791
536.653
611.666
379.904
482.646
388.775
2942.22
330.645
400.831
505.596
5059.01
2397.14
635.724
382.116
388.533
387.428
475.102
564.46
523.787
357.627
513.329
394.663
2413.24
208.51
284.727
295.122
232.019
2251
149.524
166.364
202.175
187.973
764.942
235.462
465.888
261.596
795.991
647.784
240.251
253.796
461.201
2515.47
500.086
170.504
2348.61
258.096
452.393
2257.61
207.221
146.981
209.521
235.922
