2205.86
2188.44
2204.3
2173.42
2269.32
2233.87
2219.69
2176.23
2183.92
2167.76
2178.62
2181.84
2188.2
2199.87
2184.25
2213.49
2184.08
2183.61
2179.1
2206.01
2173.01
2213.57
2190.17
2182.54
2178.09
2179.55
2174.82
2171.75
2188.32
2172
467.037
2192.41
460.594
2189.67
2199.75
2171.67
448.476
2175.59
455.645
2174.12
506.887
2237.24
462.037
2209.94
2191.82
450.503
756.175
2219.39
2244.7
614.621
336.655
372.36
234.384
358.883
314.957
251.764
297.396
267.738
263.079
4312.85
2337.32
6647.94
577.866
211.337
226.549
286.058
377.323
395.867
197.745
214.99
244.213
204.927
8766.19
2351.99
197.325
192.161
174.569
2234.08
509.619
174.145
190.516
215.634
199.235
193.751
160.373
2245.45
187.704
171.013
169.721
221.968
234.255
208.829
177.822
211.635
175.909
198.574
210.145
495.231
180.556
216.567
185.397
190.59
2269.18
175.278
163.153
198.219
210.105
210.721
2257.81
183.873
230.035
174.441
174.153
506.103
168.775
262.126
182.622
252.075
334.514
252.14
268.704
265.017
272.049
2225.6
239.975
200.289
511.675
178.224
195.67
175.875
167.991
198.243
166.318
191.554
174.793
163.751
184.051
480.949
186.155
246.593
265.413
177.378
193.696
158.524
150.925
483.688
149.732
165.332
180.823
197.454
164.842
185.395
555.632
269.894
260.285
245.068
254.624
248.766
244.225
189.585
196.169
458.331
175.173
175.339
488.323
178.825
172.227
223.169
178.838
2232.38
296.111
267.506
240.807
195.308
225.755
307.333
2239.45
486.028
235.006
189.663
218.497
183.829
148.196
2193.96
179.868
195.479
169.077
203.101
191.78
480.665
197.55
154.898
150.374
157.113
2220.99
208.219
205.396
200.504
194.232
483.248
175.716
182.366
168.857
2221.5
198.169
176.264
1479.48
663.784
453.58
463.129
310.772
472.746
381.31
301.736
409.289
355.455
336.909
2376.18
152.883
249.556
160.68
196.133
159.595
171.985
2253.69
484.847
175.515
185.617
179.383
2230.46
768.333
501.375
271.242
367.447
354.03
456.448
382.254
281.972
344.284
352.294
2352.14
495.09
288.845
190.461
197.427
250.882
215.287
468.896
203.949
215.241
223.147
232.737
264.16
553.092
289.418
236.123
226.139
546.985
268.7
262.621
524.873
279.94
196.931
261.77
274.616
239.836
176.636
271.099
251.852
479.26
168.843
484.171
281.625
250.949
230.815
214.32
242.563
295.758
226.32
203.317
182.54
159.992
157.237
154.55
212.983
171.024
210.89
188.145
192.669
196.952
162.975
165.336
148.957
177.556
173.93
2228.13
549.02
173.365
363.867
296.919
351.049
235.803
420.724
1103.73
363.353
234.75
2363.75
512.702
264.219
143.237
153.537
197.693
238.471
173.608
189.177
2197.05
191.484
534.777
242.519
191.349
222.493
2226.02
173.841
199.357
278.596
202.337
469.546
2195.73
257.11
225.922
258.55
231.295
203.295
246.069
141.535
236.827
2267.9
497.475
180.444
173.924
183.819
157.677
173.896
586.991
285.724
217.762
232.852
234.159
308.097
284.312
2342.73
494.066
193.984
198.493
193.601
183.929
168.011
2219.58
219.588
528.881
242.207
223.951
205.4
187.773
183.562
1540.57
465.824
4852.13
3230.98
217.859
273.307
296.406
952.956
2556.56
2446.41
182.21
2315.19
477.88
439.359
176.425
170.428
146.586
651.94
261.874
495.754
165.018
229.304
2188.19
486.286
171.179
1029.73
743.542
466.461
2201.38
463.517
488.23
232.965
215.274
2241.34
466.604
157.909
2188.98
490.988
389.952
247.27
2548.96
460.731
2257.7
240.859
433.65
2245.35
153.107
2210.82
468.15
2198.26
146.686
465.865
2191.68
455.565
149.496
2193.63
445.67
2188.82
143.111
2222.65
453.548
155.911
2194.82
155.52
2191.08
144.17
2206.26
530.648
478.068
176.127
2226.89
498.487
2242.3
160.282
2189.92
518.457
2214.45
460.602
148.408
2188.78
138.522
471.699
2208.72
463.596
199.571
2210.02
462.376
169.853
148.242
2233.51
460.987
480.796
174.302
2221.81
459.279
474.73
2208.17
