127.29
191.948
200.85
188.288
163.891
131.523
128.295
117.435
152.313
142.235
107.669
689.319
338.459
428.726
593.277
546.456
778.457
317.807
559.971
304.945
701.85
242.918
433.123
349.969
465.602
494.197
663.326
564.891
260.596
22088.5
236.07
188.945
221.826
298.138
149.931
234.554
674.152
326.852
452.528
176.988
278.02
187.636
309.988
151.322
267.503
236.076
241.626
193.277
256.943
264.32
217.583
221.548
234.917
10999.7
907.997
380.599
654.594
697.652
13217.6
610.422
377.499
321.66
4448.97
5842.46
356.498
511.714
348.79
5911.07
316.809
861.348
4170.96
2434.26
27224.4
42469
388.298
370.001
498.945
2279.37
814.7
153.682
289.786
372.56
242.77
430.09
259.246
265.599
149.21
194.579
2247.28
626.666
184.077
124.382
231.926
177.55
158.591
528.664
268.458
211.225
274.413
2373.24
120.454
136.715
181.35
2274.43
609.722
160.914
186.216
2283.81
557.659
214.038
174.887
178.86
132.369
2237.35
504.383
239.27
231.949
213.338
273.805
2210.12
202.491
213.112
151.647
614.893
207.655
266.781
188.304
244.966
211.923
147.819
525.667
251.113
177.825
195.862
197.978
176.007
2297.75
547.458
146.486
175.146
252.166
158.803
135.83
133.471
2257.36
242.027
315.82
130.238
2317.32
180.647
197.698
166.645
241.487
117.335
718.94
295.543
296.999
311.03
163.662
189.004
217.734
2242.5
723.669
329.874
261.019
257.086
535.225
1494.6
4204.79
3586.53
1953.75
4234.93
1838.78
5940.36
259.23
2795.78
2238.7
545.105
161.493
2212.54
547.399
223.979
2353.39
567.424
2291.52
124.713
2256.9
2182.65
2191.82
2182.44
2191.34
2188.56
463.352
2176.73
470.208
2173.88
2190.42
543.888
2197.96
503.945
2185.86
502.3
2196.61
483.175
2191.13
2203.54
483.29
2189.39
476.651
2192.02
2212.48
2252.99
2174.42
2193.2
2204.31
2178.04
2195.77
2188.76
2194.35
2191.81
2213.3
2195.85
2197.3
2191.73
2187.35
2251.41
2188.59
2240.95
2231.94
2190.79
2187.37
2206.06
2176.03
2197.72
2200.76
2194.53
2195.01
2175.58
2182.25
2211.73
2212.41
2199.58
2202.32
2193.84
2217.59
2205.86
2186.32
2189.89
2172.9
2194.68
2188.06
2179.35
2222.16
2209.56
2265.99
2241.93
2206.86
2203.06
2191.52
2206.08
2185.64
2205.45
2208.88
2178.59
2185.61
2202.37
2184.1
2168.82
2183.27
2266.71
2200.93
2186.03
2181.14
2182.57
2176.2
2182.92
2189.72
2197.25
2175.15
2195.52
2189.76
2181.13
