568.173
2199.89
504.481
2206.6
2161
437.193
2162.07
2164.37
444.495
2170.72
459.613
2184.21
440.436
446.533
2185.71
448.111
2183.24
443.251
2194.24
2175.4
458.831
2201.79
462.881
2214.98
431.626
443.567
2239.99
446.472
2178.59
443.756
2187.61
460.556
2189.56
430.098
2185.35
2188.01
445.296
452.248
2182.32
2191.19
433.763
2206.36
2177.08
480.818
2178.89
2217.1
439.656
2174.93
450.826
2167.93
2209.64
495.445
460.031
444.418
429.298
451.742
444.106
437.647
534.853
429.515
2193.57
445.166
441.871
2161.73
2182.7
436.73
2171.07
2186.51
450.203
458.557
2189.34
429.873
2183.72
2177
254.078
2222.29
129.502
1975.44
512.426
210.293
179.215
251.275
268.891
178.965
536.703
272.454
258.653
264.757
161.982
196.179
2336.87
148.35
140.77
128.426
133.18
143.611
511.165
151.95
191.499
2227.75
116.411
129.759
123.197
133.969
123.685
473.677
119.567
148.874
117.859
133.658
2192.62
117.515
124.066
154.76
474.604
143.278
146.878
163.366
147.958
2224.72
521.842
319.863
321.613
273.013
239.973
500.034
362.081
179.47
468.98
362.303
399.75
427.811
2316.64
151.022
129.399
157.562
129.727
123.039
153.13
120.552
181.991
123.491
193.866
2198.15
141.986
196.315
128.267
163.826
534.733
185.069
140.086
198.929
163.371
187.954
2243.03
759.893
277.462
426.01
278.701
366.885
397.798
634.604
376.647
407.881
354.57
765.285
377.98
4594.38
2353.51
731.537
286.074
465.466
382.858
281.52
300.038
438.409
391.797
503.908
294.537
499.603
537.706
2866.49
458.422
298.382
131.265
250.527
231.421
232.472
253.843
224.192
2346.83
163.202
179.721
161.597
167.243
185.244
169.003
161.49
147.699
185.197
513.574
122.962
200.515
150.991
463.638
126.564
121.479
144.265
168.862
148.793
181.516
2476.2
162.681
125.32
532.278
224.897
330.438
243.996
181.384
304.589
430.009
552.458
546.881
206.065
288.484
222.235
3025.53
185.517
162.669
153.345
140.84
473.057
2187.86
2173.86
451.588
2184.32
440.712
467.822
2184.21
2171.01
3241.73
474.811
2567.6
471.165
2251.2
455.806
2179.41
442.794
448.064
2166.24
454.809
2177.97
2192.63
451.457
2177.33
443.818
2159.8
430.786
2176.43
445.596
2176.75
427.471
2177.74
448.555
2216.38
434.551
2229.87
2185.6
431.026
433.413
2949.99
440.592
446.226
442.304
2165.51
445.444
2179.73
431.822
448.365
2180.68
446.21
2294.32
2164.65
496.765
2220.8
476.416
2171.83
442.464
2220.92
446.03
438.745
2195.3
515.154
455.059
2185.23
486.496
438.292
2204.43
478.29
2421.39
2207.68
2176.51
2194.1
438.794
441.199
2167.48
449.923
2194.71
2189.14
437.984
434.805
2189.69
464.416
2197.97
448.011
2167.94
452.725
2202.13
453.008
2211.7
457.872
2198.2
447.278
446.963
2191.3
436.096
2193.48
438.858
436.936
442.931
452.702
438.749
465.609
508.683
439.496
455.259
491.555
439.024
454.804
2160.09
506.815
2172.11
2174.34
484.249
2207.88
2183.53
450.905
2178.6
2174.57
455.133
2187.82
438.424
440.897
2176.05
2188.2
2190.73
2176.8
448.785
2175.44
2169.97
438.07
2171.43
442.383
2202.04
2182.3
447.665
2176.24
2175.7
446.739
449.229
2234.03
2178.59
461.146
2183.86
2246.24
482.688
2196.91
2175.18
2173.68
508.847
2170.35
2168.26
452.607
2179.71
625.269
2224.59
2187.41
2176.32
2174.09
2168.32
470.233
427.47
440.399
450.561
443.271
458.359
437.765
429.894
2167.28
431.966
2191.17
2176.39
484.561
2176.22
2180.74
447.805
2180.92
2189.98
2180.26
447.343
2188.66
455.258
2169.95
2178.86
460.448
2186.8
461.131
2264.93
2170.71
2187.77
472.193
2173.88
444.111
2169.63
454.048
2193.28
459.072
2173.21
2191.55
455.73
2194.99
441.52
451.865
2325.04
2169.68
2173.04
457.004
2182.18
2171.07
462.756
2185.22
459.292
2193.95
438.624
439.097
2176.03
2201
455.648
451.475
2184.17
2178.8
2197.43
2195.54
446.184
2174
2244.81
484.94
448.582
2187.95
2175.17
458.649
2205.25
451.091
2173.06
469.283
2179.22
2208.17
468.191
2203.8
544.496
2211.91
483.924
2223.65
2181.37
2187.48
453.58
2187.96
452.473
442.382
445.313
448.297
446.554
452.043
443.386
513.278
448.032
457.071
459.773
2167.18
2165.73
2197.68
2192.56
438.964
2227.17
475.216
445.796
443.233
2319.59
455.078
455.314
2164.26
452.92
468.793
2205.81
455.024
2219.58
498.629
2207.38
2176.15
442.07
478.897
2265.55
517.078
2220.01
477.403
2178.23
446.94
2167.95
487.893
2279.84
513.897
2166.92
447.374
2167.73
441.094
2161.98
444.965
2161.76
2167.29
446.18
2187.27
460.798
2163.12
454.131
2163.37
446.931
2185.95
466.052
2213.97
454.048
2180.59
2160.82
439.832
440.648
445.381
2181.03
453.179
2174.43
2173.22
2183.14
453.665
1476.6
3782.42
2228.88
2210.45
2167.88
2172.47
2188.92
2163.5
2182.85
2177.07
2177.91
2181.5
2183.61
2180.63
2165.7
2178.1
2174.17
2172.02
2183.14
2188.05
2173.7
2167.74
