444.689
420.044
448.047
436.943
432.254
428.185
2176.43
431.334
2195.02
2161.22
434.618
2157.97
426.63
2162.24
437.257
422.529
2162.53
436.358
546.183
2294.5
2398.56
599.49
166.861
152.554
184.5
145.956
3108.9
95.194
87.962
94.247
651.879
296.122
247.923
627.534
246.119
319.773
418.877
518.801
232.758
337.244
263.572
394.057
352.5
2398.78
594.044
209.206
318.724
247.209
230.651
457.823
273.282
310.887
400.555
553.756
425.357
511.407
312.041
2634.03
521.335
90.914
178.52
78.046
158.085
186.301
168.849
125.265
119.004
106.908
99.287
152.348
6796.29
541.879
410.713
278.482
380.837
181.04
171.582
245.153
125.628
251.964
414.507
107.757
344.24
326.494
9360.67
2198.53
150.68
130.169
153.464
107.375
106.493
145.359
463.225
116.911
2197.72
120.091
114.457
475.628
132.039
137.955
117.713
515.638
142.377
155.176
137.64
248.182
117.158
178.743
243.614
179.218
92.873
117.126
2297.94
497.299
120.281
174.11
118.678
159.825
173.489
115.918
157.825
462.087
164.198
94.423
129.774
137.869
108.698
126.216
2233.74
486.939
106.802
144.281
115.034
116.994
196.759
170.489
134.22
163.307
141.427
155.52
90.885
140.885
518.022
138.783
102.287
2241.5
131.601
112.579
105.176
134.581
539.24
160.564
242.07
229.054
132.119
165.381
216.758
204.825
136.548
242.844
208.385
176.925
175.373
2326.43
107.742
166.646
133.259
91.424
132.806
466.787
155.541
113.585
2215.38
1809.58
501.5
227.002
359.151
256.002
196.572
176.988
198.674
344.181
162.824
548.431
115.073
428.528
325.401
2348.16
175.876
225.05
214.368
241.63
202.559
193.627
206.719
2349.96
175.876
129.846
178.105
149.128
2228.88
552.072
140.081
117.03
528.99
132.17
167.89
92.566
146.248
119.084
186.992
240.33
186.747
168.98
104.258
173.666
492.032
148.977
119.387
155.1
488.739
108.151
96.541
153.913
130.585
461.818
153.208
140.821
115.482
132.795
181.543
173.95
501.39
141.379
146.51
122.445
153.287
119.492
181.591
149.367
139.057
82.547
138.765
473.887
127.002
154.664
118.333
126.457
96.445
130.773
540.267
194.783
412.765
173.969
198.399
1222.76
227.729
132.752
214.97
396.026
226.391
229.721
246.903
2387.69
158.427
14863
4404.12
484.012
4692.84
2202.52
12248
16965.8
14211
13960.9
13331.6
3964.8
16553.6
3442.28
13010.8
14699.9
5941.99
2187.31
444.001
2194.05
2188.94
459.576
2208.14
491.83
2278.71
450.77
2227.56
2244.12
545.134
2283.89
521.08
2243.1
493.185
2194.56
459.792
2199.22
2237
571.655
515.763
521.827
473.976
1407.62
582.165
2161.7
456.652
2174.07
450.641
2171.26
432.492
2191.89
2176.74
458.89
2180.81
2169.31
466.658
2170.24
450.296
2162.39
2164.01
2182.01
2213.47
2165.24
514.653
440.486
2169.27
441.277
515.868
2165.05
458.491
2169.09
443.519
2170.47
440.543
441.858
437.532
440.036
2162.47
442.141
2170.43
438.195
433.104
2184.47
446.799
2172.51
2167.89
463.837
463.412
2176.57
443.12
2163.86
447.925
430.624
2183.5
443.558
2171.23
458.085
437.867
1237.55
565.462
2294.9
451.569
2177.75
439.291
430.463
2171.49
537.587
454.268
440.028
440.163
2194.78
2160.38
445.286
448.711
457.332
2229.88
444.743
2164.47
485.929
2174.49
463.092
440.167
2164.55
453.948
2194.84
447.112
2185.18
437.224
2205.82
441.514
460.098
2187.35
495.899
2261.73
467.599
2186.09
445.399
447.89
2187.37
450.791
455.481
862.84
3013.93
434.819
439.056
452.096
454.803
2184.24
464.134
433.972
428.797
2178.62
2167
436.775
446.626
2181.29
2184.68
2175.01
446.594
448.595
2229.07
2198.69
550.467
2206.79
2187.28
446.334
2190.76
622.02
2167.78
454.119
2179.35
2164.41
2173.54
554.836
2300.46
2162.27
2182.31
565.375
2166.59
453.064
2168.71
449.015
2184.16
440.315
2171.89
2165.2
2160.84
2171.36
451.521
2162.57
2154.55
462.066
2180.82
2163.4
2157.38
491.971
2161.15
433.708
2182.71
2163.53
452.321
2383.93
439.54
579.336
436.851
439.215
436.688
457.938
2159.26
548.036
2165.69
2233.93
2163.57
555.808
437.244
2162.89
2156.56
2162.35
460.843
2169.21
439.913
2170.12
439.69
2177.67
437.686
2172.01
459.093
2190.11
439.655
2171.21
437.483
460.022
446.57
2177.58
2168.11
2191.45
2161.11
2185.1
450.342
430.203
450.621
2179.35
444.386
2173.45
430.358
2222.12
435.066
430.855
2179.32
564.929
2191.03
456.882
428.765
2180.96
451.579
2179.32
2188.56
437.043
2195.53
464.268
2161.28
446.121
2165.54
502.693
2293.8
463.868
2197.36
479.194
2201.5
476.582
2188.19
2188.13
440.742
2181.12
510.638
444.428
2190.29
2213.26
492.481
2163.77
2164.89
446.407
440.824
2172.67
2193.59
447.975
435.16
2184.07
437.22
430.882
2171.45
2168.11
443.289
2173.15
471.524
513.536
2864.16
447.989
467.716
449.241
446.547
2166.78
2170.51
445.624
2298.65
2170.63
2159.99
434.706
456.936
2179.93
458.21
2175.08
446.878
2170.82
2161.56
2169
2172.53
2169.78
428.295
435.119
2160.2
470.315
442.54
2161.32
440.161
2175.82
431.161
2174.74
475.174
2222.74
433.978
433.297
2181.26
448.918
2179.33
2162.32
460.785
2225.42
432.895
2212.78
441.227
2239.03
447.673
2172.68
450.602
429.154
2179.66
444.045
2164.69
437.258
434.222
2173.82
433.298
451.537
437.886
2249.72
441.841
2165.43
431.969
2167.95
447.671
2178.73
453.327
2199.05
439.05
2188.88
2196.39
440.147
435.238
428.616
2165.21
427.104
2162.31
450.838
2198.8
477.628
2206.7
468.424
2180.24
449.002
2187.08
461.829
2184.94
2168.37
446.287
452.388
2171.47
2169.81
535.621
2198.73
437.156
454.073
2185.4
2175.79
439.717
2179.95
2190.62
458.799
453.202
445.625
