2184.02
2306.99
2185.86
2186.12
2190.93
2187.96
2238.91
2190.18
2243.96
2171.01
2234.3
2177.54
2184.18
2216.45
2173.45
2257.23
2211.14
2176.9
2179.18
2236.87
2173.94
2188.36
2221.48
2236.88
435.551
438.484
485.016
460.277
453.944
489.311
477.857
455.974
497.268
493.385
476.738
450.946
497.914
453.312
2222.93
486.334
2174.39
444.713
2279.35
2178.42
491.185
2185.26
589.349
2210.17
559.318
2243.44
510.254
545.446
2215.58
510.707
490.699
2221.56
2195.15
2177.22
2177.66
2167.86
486.9
2242.54
2187.62
441.833
2199.91
439.049
463.814
442.164
435.491
435.9
497.467
444.797
471.066
430.905
454.059
139.779
157.606
162.265
504.511
231.162
396.207
322.475
214.049
252.534
516.37
192.618
220.708
187.951
271.925
2214.28
208.007
190.372
230.096
206.69
206.711
241.042
482.515
181.728
161.751
154.104
199.558
192.16
9546.88
1002.73
553.799
1670.85
1530.32
1429.32
1521.81
1394.87
1839.95
1569.55
1419.4
1440.59
1672.15
8728.77
2269.41
591.342
1206.91
408.401
2352.66
491.925
2216.89
726.254
512.613
970.728
937.012
947.151
520.628
497.241
929.412
953.865
957.715
1249.59
5289.91
2452.72
580.97
267.153
314.109
179.261
293.625
512.143
269.545
162.664
323.966
201.837
216.624
2240.89
501.426
189.6
200.967
536.692
200.9
260.994
271.062
244.786
274.986
295.328
170.364
206.337
189.489
1583.7
554.737
280.987
340.009
1092.33
268.913
346.985
331.095
966.324
1121.52
1328.76
1268.15
2991.34
626.745
458.061
227.064
531.788
209.918
151.339
637.413
427.868
430.968
275.816
509.472
2357.34
197.485
173.505
479.445
159.347
212.86
251.841
2221.15
202.564
235.351
166.605
262.816
253.194
200.743
606.041
320.901
178.335
267.513
218.771
285.132
247.896
2306.82
446.003
192.982
173.3
188.945
197.64
176.287
2221.5
282.622
190.625
501.062
187.855
144.505
172.826
199.355
154.672
182.856
181.271
2189.8
236.68
179.864
471.552
214.485
151.435
164.88
2212.57
285.62
270.904
186.302
152.346
204.677
159.747
260.291
169.212
184.565
182.718
225.812
596.267
281.656
194.178
283.41
169.322
319.85
524.805
453.372
250.786
446.755
141.4
2493.51
256.343
567.298
188.201
243.719
203.523
487.131
167.929
156.928
195.862
196.536
573.751
311.646
218.621
186.112
332.13
224.69
180.595
610.074
300.604
285.44
318.3
265.614
271.075
462.098
173.97
2193.78
178.55
182.404
170.307
466.441
163.719
1074.96
602.516
540.194
386.118
456.15
416.395
550.276
601.735
397.621
578.916
520.181
2486.56
548.997
329.226
204.014
260.233
173.868
134.884
282.299
288.436
316.248
285.846
191.615
2284.3
482.267
190.299
2222.49
488.563
190.714
176.493
212.752
205.225
193.64
204.016
164.252
180.102
172.276
2233.33
194.613
164.402
466.863
189.39
154.805
2208.05
164.32
186.974
509.48
150.748
158.715
159.996
491.404
199.771
265.879
274.911
256.25
182.417
176.878
2219.08
181.33
171.101
151.659
157.356
173.579
182.326
2210.36
494.284
185.647
209.172
240.92
150.428
241.794
240.512
2225.84
486.284
160.264
177.938
194.115
149.693
172.314
2225.85
155.444
162.228
190.418
2216.61
199.224
2248.79
486.568
2210.18
190.264
238.321
219.335
180.176
613.706
262.649
318.776
315.909
192.185
190.627
182.976
168.022
165.426
2397.62
179.843
2227.93
510.077
182.97
290.47
145.831
168.638
153.041
2202.06
502.841
156.769
511.512
215.61
196.381
242.201
478.492
147.026
168.334
192.124
164.055
151.53
177.787
2226.07
188.833
195.032
207.927
2257.34
469.072
169.869
149.97
173.286
160.964
158.986
2228.34
185.668
483.03
145.815
163.565
160.547
163.158
205.571
2222.72
195.121
184.33
203.909
501.059
159.337
196.658
222.129
201.438
222.583
187.696
171.138
661.808
309.524
302.181
420.393
481.385
435.562
319.096
558.131
1686.98
305.795
463.125
2458.05
470.579
170.898
207.775
261.746
180.118
2272.97
457.282
169.866
158.522
2197.67
239.989
226.372
522.382
173.281
142.73
2189.88
148.321
159.424
205.382
1644.92
528.232
224.066
318.836
165.734
362.032
540.818
549.816
150.988
336.898
2334.67
463.156
230.312
210.316
198.523
234.986
2276.3
184.814
150.644
217.23
209.589
2250.73
483.504
174.465
163.025
571.384
466.464
405.562
2184.66
337.203
425.046
222.61
292.776
429.855
2274.93
565.9
252.06
154.152
253.628
282.959
189.78
186.334
231.04
176.921
178.763
155.539
575.884
192.107
2143.55
3556.93
274.554
354.898
258.667
1279.39
3948.05
2263.45
462.23
152.602
2192.75
201.972
202.081
489.389
166.392
136.659
2233.02
2201.9
189.848
