437.221
2242.39
431.249
2159.95
463.055
2161.53
2160.12
437.084
2172.88
434.64
2147.94
441.339
447.832
2148
438.514
2164.24
427.504
2151.95
2158.7
2151.86
2143.59
428.295
2163
2154.49
2146.94
428.307
2145.33
2147.68
535.05
2167.7
490.985
2159.55
435.8
2157.34
2165.47
2159.81
2171.22
445.05
2178.09
2157.89
2149.99
461.552
2188.92
450.564
2165.65
426.777
2230.92
2170.65
440.685
437.821
427.195
2204.21
2186.53
439.75
2251.75
2150.1
456.191
2162.77
2149.14
482.531
2200.42
2140.23
2146.93
445.153
2148.72
2153.28
2187.6
2163.96
457.349
453.194
2155.65
820.106
286.631
155.121
564.85
215.949
267.594
341.783
201.076
164.524
103.946
213.388
355.226
290.796
322.735
136.396
4631.98
2233.18
627.351
69.794
29.281
81.74
25.928
133.268
2235.92
42.591
58.534
112.195
89.288
54.039
113.566
73.379
120.772
94.314
73.368
2225.03
523.73
88.66
81.163
46.872
67.664
86.575
42.028
58.985
57.119
9370.73
670.638
204.602
459.321
271.302
281.266
160.998
1197.82
258.367
222.026
370.98
476.126
441.858
468.837
169.941
208.89
282.409
2395.84
89.737
30.864
72.448
133.404
124.05
82.16
497.333
77.302
77.671
2235.59
517.82
250.633
80.206
177.073
255.251
73.832
54.909
148.014
40.123
99.683
83.593
78.097
234.927
205.557
2347.06
71.61
76.942
77.49
68.036
2202.13
53.26
136.991
79.989
474.272
35.055
72.619
45.222
139.66
195.027
65.41
132.128
475.341
99.775
64.141
69.804
2194.49
69.041
151.868
114.202
123.542
67.294
83.645
111.605
2256.42
2192.66
68.852
523.214
124.839
215.671
193.764
407.401
412.566
377.045
206.857
252.376
79.252
469.408
515.043
401.636
90.066
433.046
186.196
8200.34
2663.17
45.06
72.673
109.617
133.403
125.401
580.529
189.744
36.788
2219.6
475.309
180.364
171.885
135.203
34.618
1209.56
570.293
503.427
219.66
207.317
258.026
366.018
1153.47
136.922
436.782
364.204
229.326
251.314
217.091
542.294
205.702
2394.02
612.679
250.667
236.819
65.741
38.423
148.061
70.646
54.815
31.112
161.912
169.595
147.612
2186.71
510.331
73.328
45.908
85.647
87.2
462.588
61.422
54.166
71.744
62.552
2212.25
44.855
47.719
41.619
465.242
76.25
63.468
90.486
48.63
2207.62
473.496
34.318
642.213
193.406
177.164
292.464
273.803
37.944
145.965
2187.34
548.267
149.262
137.274
277.304
33.83
154.692
2164.2
459.425
115.689
112.47
460.059
124.818
143.431
54.393
2232.19
90.416
13.804
67.704
36.398
2176.75
475.527
33.492
2210.66
118.319
49.353
2203.85
36.091
87.901
83.929
77.751
461.571
2188.92
27.458
73.285
129.026
15.989
81.448
84.696
2228.51
476.155
43.335
26.976
54.072
2189.86
438.322
77.97
93.945
548.337
1515.64
21.224
639.027
462.882
2209.01
2182.41
440.791
2193.69
472.376
2183.63
2170.87
2171.71
2165.22
596.155
2183.77
2157.9
444.531
2161.29
449.37
2162.2
449.143
2164.05
434.676
524.611
426.15
2224.13
542.298
445.806
2294.09
424.712
2237.58
442.393
444.213
445.171
443.349
438.716
446.403
2157.83
454.996
2164.01
483.501
498.282
2219.09
456.563
2157.85
440.733
2139.57
435.012
441.977
429.685
2175.03
506.04
2239.16
442.6
2227.1
433.846
499.975
2233.87
2166.48
458.84
433.528
561.866
2163.2
542.536
2180.3
2150.12
2147.58
2189.13
439.091
2153.23
449.083
2149.66
442.079
2178.74
498.1
2176.62
437.156
3234.03
2239.94
2153.39
572.962
2152.48
480.876
2154.75
447.263
448.161
2169.62
2153.01
472.943
2146.34
448.211
439.902
447.085
2171.67
430.614
2156.77
438.708
426.843
437.903
455.564
2258.55
471.306
2244.18
447.336
2160.22
437.344
447.416
2165.12
434.077
2196.15
456.05
2162.31
431.792
2170.02
2170.8
430.798
2149.78
460.977
2149.88
436.181
430.261
2152.49
432.13
449.692
2247.05
428.612
2144.19
439.432
2147.26
2142.55
427.365
456.544
2178.97
450.27
2179.42
432.515
2171.15
2151.96
481.583
2150.41
454.434
2151.89
479.275
2168.25
2165.9
2143.54
2174.48
458.156
2174.73
2173.2
427.365
2150.51
425.095
2149.83
449.814
440.707
2151.93
439.781
2159.15
433.355
2165.21
434.106
542.357
2369.14
488.315
2196.59
2156.67
426.96
2162.49
2230.56
2167.95
461.538
2150.81
2156.42
555.715
2154.52
434.188
2150.85
2153.78
2143.59
428.499
2151.62
2145.96
2150.11
580.566
2142.35
422.307
2147.18
2150.29
2153.71
435.575
2158.79
436.646
2157.89
2172.59
2156.46
2149.35
432.116
2155.05
429.136
2149.89
443.365
432.419
2153.66
2156.45
435.595
2150.91
435.765
2146.45
435.845
2146.29
423.135
429.439
2144.67
451.851
2160.26
432.021
2150.7
448.941
420.31
2153.13
427.579
2146.98
446.545
2187.05
2151.41
442.224
2173.11
428.441
2165.9
427.625
2154.37
441.92
2161.51
2146.07
421.647
2146.95
2152.53
437.623
432.236
2179.41
480.851
2161.38
430.332
2155.28
430.628
2169.48
425.089
439.12
435.165
2151.93
426.483
2147.28
3245.06
600.093
4486.77
2210.18
2171.18
437.503
2197.53
2157.41
432.145
2150.03
2153.16
456.048
2154.91
432.198
438.177
2289.07
456.075
453.574
493.409
2225.61
433.928
490.782
3566.44
2148.39
2156.09
2146.47
449.658
2151.72
2151.04
2152.99
2156.97
457.312
2148.89
2177.43
458.961
2154.26
2167.72
506.392
2158.77
2156.7
440.539
2146.96
446.842
2172.77
426.817
2153.49
2153.04
448.469
2167.15
2167.31
2179.12
2160.72
2167.09
2189.25
2195.33
442.019
2170.01
2178.82
431.15
2145.59
451.977
2163.8
2159.49
2186.47
476.758
2163.38
462.235
2149.18
441.033
2152.64
422.127
2163.07
534.159
2271.21
2195.32
434.025
459.226
425.407
2156.58
442.394
2225.22
429.363
2161.82
443.841
2158.34
448.568
2183.14
471.093
