2187.55
2193.12
2193.34
2195.56
2195.45
2209.15
2191.77
2203.75
2203.22
2206.24
2198.65
2210.27
2211.7
2223.48
2212.26
2194.93
2204.82
2197.14
2196.08
2201.01
2199.79
2248.74
2195.42
2196.29
2205
2222.83
2200.92
495.126
2864.55
489.008
495.859
483.788
483.487
521.378
484.338
486.413
642.408
523.031
476.929
652.124
409.427
322.956
411.617
285.366
426.756
327.28
823.83
367.468
520.985
230.415
558.389
308.174
323.46
2403.08
191.531
250.819
241.054
175.11
165.054
215.816
234.157
181.288
2248.39
125.039
113.147
502.473
111.763
120.667
126.834
142.11
95.586
108.036
143.841
107.029
133.214
186.787
120.159
132.584
2249.52
125.488
167.655
87.288
108.772
104.917
91.877
88.08
129.19
96.105
107.451
104.863
2221.67
709.21
256.619
232.148
260.378
314.949
309.594
312.91
280.038
311.474
171.131
157.703
124.552
162.322
2295.34
123.775
107.076
91.523
2213.88
144.926
121.548
546.481
103.571
128.629
94.765
87.255
90.916
106.569
134.487
2234.01
95.584
148.656
163.109
138.246
159.772
530.492
114.429
99.604
116.865
95.233
114.43
148.839
141.12
110.427
2275.32
213.647
2294.38
111.039
99.014
94.166
156.906
133.577
117.099
113.908
491.623
129.44
105.141
107.45
129.056
2243.09
115.387
184.303
187.642
153.909
193.9
160.281
171.434
176.035
515.536
101.49
106.38
128.913
141.158
142.181
114.871
129.421
2348.73
158.214
175.906
135.006
112.088
2224.76
108.665
536.197
114.335
136.94
101.591
651.755
539.955
460.298
538.674
340.69
246.105
458.022
365.397
573.705
486.629
263.948
233.08
436.365
715.999
467.689
364.681
423.199
2447.31
16862
14478.8
719.96
14730.6
14506.5
270.241
466.478
209.688
261.758
106.144
189.618
14593.3
483.932
254.067
123.318
358.749
301.463
239.294
14521.3
16597.1
2348.83
577.65
177.792
191.925
99.593
2294.88
573.187
2259.82
162.938
172.983
136.98
218.869
123.427
99.134
499.693
8057.81
5049.76
8701.71
8226.52
6608.76
3433.59
2066.36
4124.47
5984.53
7431.18
5895.94
5116.37
2219.47
489.076
2247.73
2347.67
2307.72
503.261
2260.85
2208.31
500.917
2250.98
507.383
475.031
2205.08
2217.63
487.883
494.321
2200.21
515.251
476.759
2512.68
544.872
3779.9
2269.12
481.284
2204.56
2226.86
508.419
2206.36
491.506
627.183
2265.57
486.069
2207.15
502.72
2204.17
2204.27
490.645
2206.23
481.641
497.929
2390.01
478.452
496.175
487.302
481.826
496.405
579.918
2271.18
513.273
2234.36
2217.66
2211.8
2202.81
490.778
2232.5
2202.89
515.457
507.48
2228.4
2208.47
2218.63
494.745
2215.75
494.984
2206.05
2206.55
5636.18
578.042
10635.8
2294.81
479.573
2248.19
2240.24
500.194
3601.23
615.653
2287.97
538.37
2255.66
2195.15
707.313
2287.78
2215.89
488.384
2223.82
2203.92
2226.08
2204.8
2214.78
568.261
2222.59
649.862
2224.93
2211.73
504.79
2254.2
2207.33
531.786
2222.91
2238.51
533.528
10968.1
3582.98
489.032
12385.7
2281.24
512.338
2246.28
482.794
559.362
2269.34
500.82
2229.95
540.899
2215.05
510.044
479.473
2250.07
2212.64
517.225
511.99
495.237
492.358
2221.34
541.965
491.821
497.773
2476.18
476.435
533.573
495.517
548.572
495.283
529.066
483.619
472.421
506.684
2202.7
730.632
2279.2
2207.52
499.044
2220.2
2206.2
483.198
2212.7
513.552
2223.35
499.407
2207.66
2202.02
500.814
495.751
2204.9
2260.4
533.953
2216.67
494.986
2218.84
489.969
483.797
2208.03
2200.61
499.103
2217.61
506.813
2214.9
490.027
2204.89
482.055
494.83
2204.5
2216.87
488.937
2230.13
2230.24
498.707
2204.93
488.094
2224.71
488.414
2201.85
492.793
2207.24
518.055
2240.25
562.214
2737.72
535.016
2257.91
505.344
508.449
2225.47
2932.94
776.543
2336.13
2207.76
2233.54
542.028
535.086
2194.91
2215.79
2206.84
599.572
481.854
2224.03
2215.28
517.18
2233.05
2224.29
2206
2211.28
681.671
532.076
2398.95
2245.42
2228.36
2210.31
2203.94
532.645
2209.43
2217.1
597.333
2209.09
553.381
2230.24
2196.47
567.155
510.384
2200.75
2210.97
490.917
493.03
2208.14
491.463
492.365
2216.85
495.171
2209.46
4385.28
545.062
7338.65
2325.11
2240.8
2221.72
2229.58
2216.06
487.338
2229.24
2231.33
2203.66
600.325
2219.33
2209.91
2250.57
2205.96
2205.82
2208.35
523.851
2207.07
481.323
2214.28
2231.6
529.874
2240.33
2282.09
513.689
618.074
2275.26
498.983
2212.46
2212.49
495.192
2210.86
503.308
2214.24
502.123
2214.64
2209.51
498.666
490.744
2196.31
484.52
2234.05
2227.56
494.121
2211.27
498.197
2226.95
502.557
2224.72
495.424
2197.86
2235.16
498.664
2222.19
491.898
2219.99
500.641
2204.74
495.768
484.512
2200.91
500.914
2224.65
2219.67
491.028
2213.84
503.969
2233.68
497.737
2211.69
2281.71
2213.21
504.207
2209.13
486.693
2203.77
515.127
505.443
2240.51
478.955
2250.78
510.734
511.287
2226.7
2213.75
481.79
503.031
496.104
490.807
478.66
508.284
483.093
494.582
499.457
487.585
504.804
491.605
2261.8
2228.57
510.744
510.201
2229.88
557.528
2223.38
502.179
2216.08
2212.16
488.798
2213.23
2214.33
2218.91
2196.52
2213.17
2223.88
510.047
526.501
2231.63
2236.34
490.075
2221.64
606.836
2212.53
506.343
2198.95
2218.98
2208.22
2202.59
2217.99
2210.15
2207.54
517.057
2208.71
2200.72
2280.49
511.362
2212.6
2205.77
2213.95
2214.56
479.397
484.553
496.932
2194.14
501.232
508.198
2222.28
485.014
2257.97
2203.85
2202.41
512.647
2206.01
499.17
2243.94
550.442
2207.8
2202.11
493.659
2203.09
2211.55
478.271
2213.33
2219.88
522.558
2205.85
505.692
2242.11
524.085
2236.68
2220.86
499.111
2220.45
504.454
2225.13
2220.55
491.513
2207.55
489.351
2217.52
2227.83
482.062
2200.16
495.03
2215.11
2203.79
515.072
2236.67
506.927
2215.09
513.584
2224.39
482.05
2231.14
2211.18
2198.87
504.72
2206.52
522.202
2300.64
2250.63
2208.47
2235.22
510.843
2220.2
564.259
2213.12
2221.04
492.564
2213.05
2203.63
585.196
2215.91
501.433
2221.38
487.002
2200.74
2217.14
482.678
2226.62
506.073
483.456
2225.43
2220.63
2205.03
506.902
2220.17
510.595
489.279
2208.45
2226.37
481.52
485.054
2237.48
536.489
2290.9
2224.7
494.1
2225.81
2212.51
519.588
2256.57
491.283
2209.16
7599.09
607.688
9865.48
2330.91
524.671
2270.95
2212.78
517.195
521.3
2334.55
529.737
2247.26
1018.23
491.656
2289.92
524.365
7509.98
2222.53
498.476
2212.58
521.955
501.024
2214.24
547.654
581.602
2267.79
551.041
2221.55
510.444
484.809
2304.07
508.756
2300.11
494.118
539.488
2281.3
516.369
503.948
2210.74
535.188
532.593
2246.31
506.491
2212.55
499.452
482
510.731
2204.71
497.685
2220.85
492.758
487.546
508.07
506.486
501.95
1811.83
530.595
486.952
497.682
492.844
496.952
497.926
491.263
500.838
499.035
487.173
492.91
483.775
493.05
477.896
498.364
485.467
515.441
499.23
508.225
490.419
491.271
512.336
478.592
502.505
507.421
496.151
502.745
480.84
486.534
486.056
494.694
481.763
493.019
498.853
506.575
488.489
483.215
509.249
493.629
513.514
