2102.48
2106.24
2099.68
2167.44
2103.26
2110.2
2146.95
2114.29
379.273
2152.95
396.023
2114.86
2109.29
367.096
250.802
170.09
2110.69
367.892
367.854
227.857
391.025
2297.35
2134.71
368.97
441.298
2140.74
364.087
2106.27
262.354
327.31
2116.67
373.319
2122.48
432.632
274.95
264.104
272.772
430.946
2113.95
417.568
299.129
979.7
185.155
211.26
283.037
114.682
2167.6
128.573
192.222
149.287
2132.84
580.614
1138.52
1166.6
1448.73
1448.66
1142.23
1269.28
2209.26
503.973
2146.13
1114.27
836.048
842.364
248.049
247.8
401.698
389.226
405.475
445.259
391.554
2122.31
431.195
2159.85
400.227
2140.02
399.992
2244.11
418.351
1113.43
1308.94
890.487
892.512
888.454
2120.49
312.656
509.436
415.354
2135.72
432.541
2143.29
388.65
2113.66
371.234
2117.83
395.202
398.247
2131.89
392.551
2138.95
592.582
104.022
421.987
138.121
149.218
2132.22
400.567
412.382
275.677
289.235
2186.28
2210.69
381.801
2112.54
470.692
479.113
384.879
383.343
308.974
324.23
2231.51
112.324
132.962
2118
384.772
382.047
176.628
151.47
151.641
2156.7
124.643
128.268
409.199
126.932
124.204
123.382
118.148
160.707
2208.79
389.973
123.164
97.812
109.317
2136.68
388.705
156.351
156.638
105.661
105.073
104.375
103.51
206.862
447.821
147.828
139.922
204.991
257.864
199.401
111.058
2175.46
119.699
136.443
132.185
379.797
109.162
105.813
97.155
111.345
131.017
128.798
427.87
113.187
119.931
109.843
420.35
148.935
134.713
141.197
765.971
365.266
312.347
393.804
437.813
335.061
312.097
2502.06
530.137
243.297
126.078
162.182
100.067
156.127
116.778
2274.9
112.197
391.488
139.488
162.779
2143.23
106.661
118.664
116.438
116.472
106.945
414.206
128.102
153.307
153.77
2198.34
112.571
121.589
112.916
2143.22
116.92
124.039
101.521
395.108
131.262
127.782
122.286
2128.6
113.784
113.936
114.15
97.143
104.197
122.004
2111.86
386.858
118.798
131.199
153.726
127.918
107.8
114.827
107.088
2144.32
117.608
116.064
116.828
112.898
123.998
530.644
158.481
329.559
211.085
297.479
184.14
834.515
2248.26
157.063
162.533
2155.85
110.98
117.166
420.589
141.246
126.575
138.948
380.492
2117.97
108.683
188.517
108.794
180.736
189.821
2136.9
389.353
102.011
102.131
2148.43
109.114
97.703
111.466
2128.05
2138.43
104.013
2116.64
406.188
140.935
2126.61
123.195
127.6
111.073
99.192
102.328
2134.22
129.268
392.348
118.075
107.33
122.117
126.861
2138.73
123.903
144.462
2165.31
375.612
111.09
104.508
2112.27
127.471
2120.53
102.762
113.377
119.006
2131.04
128.457
145.941
400.488
2125.75
132.571
140.273
137.048
2195.92
133.449
153.394
2142.43
381.651
107.872
108.011
103.348
123.605
2143.39
101.063
2135.03
133.486
439.82
120.673
182.052
2144.2
109.808
103.776
115.416
118.086
2149.35
502.386
2138.4
108.493
115.215
124.703
2146.97
122.938
125.725
2139.8
390.263
118.803
97.073
2121.52
128.197
421.048
136.702
2157.96
130.754
113.598
122.311
407.007
110.16
2238.84
126.282
2110.83
403.7
107.356
117.307
404.624
112.763
102.652
113.99
2206.34
114.814
396.972
100.898
2153.98
108.59
2121.68
431.678
181.532
125.785
398.473
110.233
379.423
111.095
477.763
898.584
2246.49
2159.27
384.397
2125.14
409.649
2133.34
2132.51
380.136
2123.64
2160.34
419.562
2126.23
542.036
382.911
2132.63
390.994
2118.95
386.901
395.505
2188.11
2135.14
2157.66
2131.07
377.276
2213.78
462.36
2232.41
2109.63
374.458
2119.9
366.85
2111.99
403.235
2109.51
404.471
390.977
2144.19
366.896
2120.49
368.496
2132.96
379.064
2130.64
2120.83
399.122
440.929
409.081
383.445
373.316
381.746
382.132
2116.01
364.99
2109.94
412.692
2130.35
2123.54
504.644
2125.34
456.44
2110.47
2132.97
374.98
2129.03
391.45
2144.86
2134.94
434.349
2138.01
367.045
2198.83
390.115
2129.29
2121.31
377.741
407.063
2279.16
2142.55
2167.13
533.173
2137.47
377.723
2116.52
2132.78
436.477
2119.19
408.637
2134.54
390.892
2103.48
391.549
2128.24
390.197
2139.15
382.57
2142.88
370.826
2117.49
2113.55
388.972
2125
2173.71
2108.83
374.082
2125.7
374.901
397.586
2162.93
377.742
398.267
371.204
2113.66
375.297
2124.24
2139.29
454.568
2124.66
371.805
380.19
2132.23
2148.06
383.813
484.137
2264.18
375.478
387.403
388.266
394.152
2121.41
374.293
2108.34
454.088
405.602
2186.67
2135.25
391.172
2134.14
381.085
2118.88
2135.33
404.786
2174.92
2141.66
379.495
2129.18
2107.25
384.817
2157.17
377.064
383.778
2155.68
389.295
376.402
2130.75
389.566
2312.64
415.688
2133.98
461.271
2201.47
388.501
2115.53
371.593
2133.07
391.605
2134.24
2149.5
375.003
2129.14
2159.26
397.944
2129.93
2128.37
1980.09
442.575
2489.86
390.862
390.34
392.469
372.44
381.021
389.859
383.768
424.412
385.21
394.526
373.797
378.202
404.946
391.272
375.933
372.443
365.658
389.953
386.357
373.341
370.982
383.952
382.563
381.558
417.524
408.408
363.719
373.304
415.139
