476.107
2231.79
448.083
2162.25
444.603
2176.26
2171.16
2176.72
440.586
2179
432.731
449.323
2174.41
2163.68
448.712
2170.66
448.531
2180.78
2179.51
458.218
2172.28
2167.14
449.955
459.131
2183.03
456.966
2169.95
2162.64
454.65
2176.14
454.644
2177.83
446.238
2161.82
2167.48
449.839
2174.75
474.054
2184.48
497.188
2239.55
2179.51
448.559
445.606
2173.15
2166.83
646.533
72.063
157.445
54.581
176.506
108.039
158.875
182.664
361.256
171.445
142.183
167.278
140.365
2336.57
52.446
2206.53
462.194
62.89
52.687
84.62
88.733
73.176
69.086
449.314
52.387
55.967
58.33
49.52
48.562
56.134
97.421
483.575
115.877
82.893
105.355
117.874
87.188
2219.81
79.725
81.691
62.391
2188.87
74.138
48.748
66.985
95.022
89.662
484.435
70.403
67.657
85.868
89.02
48.049
47.726
2176.82
77.794
58.456
87.816
80.541
61.429
76.935
79.17
545.314
79.934
136.446
196.014
210.029
2281.03
3147.93
683.605
483.925
5853.65
247.622
272.321
867.458
1621.02
344.768
1765.75
905.368
4153.42
2475.1
266.123
892.933
16248.2
2354.89
15679
583.994
183.725
58.9
2272.42
166.269
461.219
146.919
162.426
2243.48
486.235
70.275
42.301
100.194
473.986
2222.52
518.164
58.181
500.03
46.575
86.483
530.903
47.4
39.994
2245.69
505.642
566.269
98.163
122.884
2228.47
487.219
133.312
102.356
79.361
466.378
51.601
77.07
2236.07
560.799
147.257
246.543
73.768
2210.47
501.836
141.633
461.825
136.677
81.256
2204.93
110.161
74.933
543.277
185.725
561.172
199.401
174.944
201.136
2306.1
496.253
42.61
52.51
2226.28
539.646
2191.79
41.625
606.982
2286.47
2249
524.322
762.594
4985.18
2224.77
486.369
2217.73
450.428
2180.14
441.501
2191.89
463.502
2193.25
454.143
2205.78
2177.22
451.217
2201.67
461.569
2187.52
460.751
2195.42
462.722
459.991
2181
443.683
2211.17
2162.14
502.733
2187.42
456.807
2180.9
2181.05
2164.28
2199.07
2166.14
451.018
2299.56
518.317
2197.73
451.924
2200.1
469.953
2216.1
461.658
2206.97
2185.15
466.891
2188.8
467.735
2187.07
2176.04
539.702
2194
446.435
454.58
2202.05
461.707
2171.35
474.632
486.85
2180.65
475.464
2193.44
491.39
2185.89
461.15
2174.64
447.285
2201.18
571.482
626.382
2290.14
481.058
2208.58
2171.42
457.655
2199.83
449.254
2171.92
2168.71
451.039
442.87
2175.51
588.929
4734.09
2232.54
447.916
2172.75
2172.62
443.718
2169.02
2183.4
442.85
2167.66
453.794
2176.84
2190.08
2183.5
451.005
2168.36
446.469
2228.01
2172.12
441.196
2163.5
458.801
453.235
2207.7
440.901
2171.56
2173.4
446.783
2164.62
466.573
532.443
2262.24
2215.39
453.097
456.318
448.938
437.119
454.509
455.715
448.565
461.622
442.388
439.112
437.682
2190.91
2187.54
2163.48
5921.76
451.313
5535.16
2212.3
521.842
1127.65
496.372
2234.05
480.496
2177.26
446.601
483.244
525.521
2272.49
487.86
473.13
2213.43
497.674
491.093
2213.78
451.861
2169.46
448.889
455.203
2235.76
2191.2
449.848
2184.95
2189.92
445.786
2179.16
461.775
2185.28
443.421
455.685
2177.54
2167.46
449.319
2172.18
480.884
2180.91
461.102
460.037
2175.64
452.056
2189.11
438.307
2189.49
460.716
496.524
2221.9
446.904
2179.04
447.523
2193.85
438.606
2186.48
449.804
2173.39
443.55
459.524
2181.47
442.141
443.015
482.048
2171.52
512.283
2188.18
2169.94
459.761
2170.41
447.168
2166.47
2179.78
2168.43
2162.47
2173.96
486.675
2167.22
454.808
2186.39
2188.98
440.742
2168.37
2185.16
440.847
2194.99
439.237
2185.38
2175.59
503.36
2234.86
2200.22
520.32
483.298
2211.5
2207.75
489.647
2176.09
2233.94
476.704
2223.13
446.308
527.901
2212.64
475.257
2194.44
455.494
2167.12
2210.12
445.876
458.333
2304.56
450.141
451.736
480.164
477.584
439.97
454.414
459.892
493.836
590.118
2260.63
443.576
2172.16
462.9
2179.84
2182.62
444.9
2244.57
507.41
491.062
2220.8
564.938
1064.29
449.477
2204.25
2242.85
453.505
2172.91
523.647
478.848
2173.71
442.418
456.426
2239.37
451.513
2181.83
448.932
2217.84
487.485
2281.3
438.468
2178
458.035
2189.61
479.103
2184.07
470.453
2175.54
474.775
2190.04
471.466
2197.52
466.331
2194.35
458.619
2194.82
490.548
2179.37
450.042
440.649
2173.31
457.76
470.471
2357.6
2218.96
2220.07
501.149
2239.91
476.499
445.167
2179.27
458.623
524.715
2336.94
441.061
2194.92
468.162
499.83
488.395
440.973
466.239
472.776
475.067
613.295
2205.65
2173.99
444.7
2193.74
2166.95
2167.27
476.338
461.657
2184.22
450.265
483.797
2217.47
485.044
2216.42
482.877
2304.88
2158.98
1089.07
2815.18
3175.86
453.122
440.935
2166.64
452.201
2177.82
2182.02
454.319
2178.91
502.008
2223.95
2182.23
2180.7
485.766
2191.17
620.49
2211.7
481.511
435.932
2174.48
2202.91
462.231
2193.03
502.389
2235.28
480.53
2198.58
471.515
2210.13
601.047
2243.38
498.673
449.638
2195.9
505.637
2199.31
2177.4
458.985
525.146
2195.18
447.041
444.595
2261.94
486.592
2177.97
459.613
461.761
509.018
2180.41
471.951
2214.64
473.114
463.824
2196.59
2196.28
448.049
446.681
2174.62
475.503
2188.63
466.406
2184.88
