2109.56
2111.7
2104.15
2118.77
2112.38
2112.66
2121.04
2206.95
2123.85
2130.65
2115.58
2130.15
2115.19
2117.95
2125.18
2119.54
2121.07
2118.55
2112.01
2121.52
2120.05
2149.03
2128.98
2143.82
2142.26
2124.68
376.81
368.814
376.907
461.576
2177.43
395.576
386.676
400.679
2131.35
374.621
2132.48
2112.53
403.79
1861.74
1851.71
1859.5
1854.53
1884.53
1883.97
1881.29
418.227
2151.7
445.391
989.829
1007.32
935.437
988.41
930.448
918.681
942.055
938.143
2296.53
409.493
2144.22
907.995
886.498
888.026
393.598
906.416
903.528
892.806
986.16
982.044
922.464
917.68
943.705
417.783
920.802
913.56
931.17
2128.8
908.283
894.346
942.26
891.547
901.511
911.743
910.151
910.22
893.748
898.963
404.932
909.835
941.678
930.582
931.429
937.399
905.303
896.727
917.855
908.412
2132.29
912.104
923.912
912.15
901.435
923.666
388.537
918.613
905.258
911.274
2166.46
895.468
921.569
925.093
893.689
905.243
905.35
914.276
893.214
911.932
916.633
910.153
916.753
393.541
902.342
931.112
920.864
896.694
2186.24
893.706
918.917
892.041
909.832
673.918
1133.45
1215.73
1235.49
1322.05
1323.84
1145.13
1219.34
1325.21
1356.87
2326.6
389.089
1138.3
1004.78
989.695
900.702
985.964
999.826
1027.3
929.877
1156.43
2269.17
918.111
2164.27
999.142
940.93
960.7
944.518
398.7
913.767
920.536
910.701
940.413
929.651
941.429
923.988
957.7
965.475
451.906
997.506
950.296
920.757
974.075
907.874
955.415
2163.32
907.439
916
965.698
1006.72
942.005
935.472
917.471
912.184
952.563
405.11
886.918
899.851
2156.43
913.167
916.73
903.871
911.799
399.145
919.041
909.717
2132.53
916.561
922.856
1050.72
1039.41
434.055
1029.87
894.26
1040.8
963.412
934.778
898.127
918.57
1012.9
2197.19
960.265
1013.35
945.238
940.049
956.173
1056.84
975.469
1089.27
921.212
942.664
1079.91
2292.57
944.271
922.223
418.171
922.564
911.283
930.162
2231.78
894.822
887.705
896.498
915.834
984.611
931.863
954.914
942.68
937.694
392.208
2150.93
934.768
903.627
398.79
919.675
925.372
941.972
909.774
930.909
943.227
940.3
920.904
945.315
909.084
936.798
905.255
927.636
486.677
1087.22
1034.33
981.891
1131.73
1095.42
1108.59
1044.75
1172.25
1068.05
2290.75
947.313
958.633
940.872
966.279
912.398
955.616
400.34
942.609
943.121
956.517
918.64
908.343
910.537
922.905
954.034
952.517
896.816
2174.99
915.19
947.203
407.418
933.155
968.42
967.665
471.468
920.358
958.65
960.59
899.867
969.421
942.342
941.244
918.223
2212.74
907.915
926.157
956.348
957.517
888.785
916.95
922.407
954.803
459.415
926.571
893.781
932.182
905.366
912.968
906.39
917.777
915.777
925.516
933.066
936.218
934.562
917.144
401.171
886.371
923.116
2217.28
938.347
918.056
390.725
915.02
932.613
943.182
938.87
939.96
920.247
953.925
924.344
895.627
390.314
930.566
931.23
1000.22
931.056
966.659
947.193
937.251
411.323
925.949
968.665
964.486
910.948
895.285
914.27
931.17
2183.18
907.757
916.586
910.602
903.74
936.742
445.702
914.595
900.836
957.777
962.664
937.376
949.362
925.774
460.949
973.408
970.386
981.055
966.397
908.469
919.621
960.261
904.07
909.726
955.091
948.4
920.822
951.339
927.834
937.531
2269.89
406.707
900.211
936.266
2152.66
941.443
907.211
928.938
924.118
926.142
945.715
958.526
904.07
913.101
2131.99
952.11
433.886
922.983
919.95
956.194
620.915
949.303
1161.99
1359.88
1366.59
1406.5
1178.46
1181.2
1044.05
1035.7
5112.97
2211.54
951.507
967.968
2151.59
487.925
970.09
2192.35
432.745
980.241
1102.64
1001.88
1092.14
984.371
982.834
976.522
2200.72
394.501
2157.71
1113.36
2195.88
401.301
1090.86
1064.59
1095.6
1096.58
1080.49
1081.83
1075.64
1087.99
925.19
2168.49
632.049
1661.12
1206.76
1255.79
1424.02
1416.63
1171.88
1419.09
1433.86
2276.62
474.255
1064.04
405.751
2175.95
1102.67
1069.4
1076.72
445.165
1172.83
2172.07
1097.28
1072.23
1076.3
2210.96
379.003
2163
955.938
951.464
953.74
2164.82
409.648
2132.66
2145.85
12414.5
615.701
981.519
3004.62
921.376
1008.24
1085.76
1056.16
920.788
906.138
1066.86
12618.6
4446.3
2209.37
6147.03
823.072
3629.93
979.19
2900.72
907.47
1034.89
1949.72
5110.49
1028.44
3655.34
906.383
483.626
925.817
912.582
2324.1
983.2
966.564
963.559
959.724
2172.52
539.413
958.289
934.659
888.133
935.261
951.732
420.015
945.29
921.423
2191.88
927.499
922.916
932.183
428.863
969.208
972.741
2285.83
894.989
2172.2
437.773
917.066
917.28
974.712
955.789
915.973
2292.03
896.207
950.098
2196.98
464.937
966.687
399.819
963.893
2251.18
938.778
2173.92
424.101
918.277
901.393
2196.77
501.225
969.626
432.307
945.348
974.021
2211.03
477.117
932.306
951.596
2209.95
901.823
382.327
893.868
2160.53
919.792
915.974
2186.27
904.904
2131.14
919.078
2153.86
380.984
2168.96
463.55
400.238
2133.24
385.807
2134.61
402.59
446.495
2209.14
395.96
2127.52
387.64
2129.22
382.592
2168.83
426.929
2191.6
385.217
469.168
391.856
2242.15
438.208
2168.89
392.288
2177.95
411.242
387.696
2144.66
406.416
2114.18
932.698
2130.4
382.825
2130.34
408.087
2130.76
406.155
