469.145
2136.55
368.546
2139.76
380.583
2113.72
377.933
2117.84
371.034
397.576
2130.98
406.791
2111.84
371.209
383.547
2140.73
2125.65
372.879
2162.74
368.13
2116.48
2113.88
381.472
2115.49
404.353
2118.77
2133.82
2143.21
380.731
2123.83
2151.52
390.263
2129.52
2132.61
374.332
2115.81
376.424
409.268
2163.15
410.207
2120.1
384.205
2121.01
380.702
2189.39
2152.93
396.309
376.476
2169.51
381.168
370.132
2156.71
393.077
2135.97
392.626
2161.01
15.212
18.821
15.534
53.963
468.512
527.635
127.635
179.197
104.065
215.133
137.4
417.726
5885.83
2516.6
156.06
54.359
134.338
36.084
91.244
40.784
2190.96
407.502
66.485
50.734
43.566
103.387
41.707
45.151
49.253
42.679
21.382
2199.21
21.44
36.146
39.508
94.009
27.825
56.808
60.715
63.149
80.71
2250.4
18.81
49.806
20.92
32.664
42.164
25.193
29.275
21.074
34.379
43.997
48.094
42.831
37.766
29.986
518.424
58.92
97.054
73.32
82.584
165.414
34.586
34.336
2145.36
393.923
59.813
54.912
33.211
34.783
33.114
21.183
2135.9
38.517
23.312
476.102
122.731
78.264
213.777
178.057
73.754
92.894
34.541
2186.75
71.89
38.411
38.574
29.902
432.152
73.066
40.884
30.605
59.641
52.095
27.309
46.315
2172.44
36.844
48.181
410.99
2146.02
46.704
55.89
29.654
52.378
55.843
2161.96
23.673
52.326
43.55
39.66
25.302
104.273
2140.95
37.917
54.303
2155.31
54.175
417.344
76.668
35.347
46.337
446.816
77.335
50.263
28.975
71.037
2211.68
73.401
55.753
48.979
95.528
2193.16
417.19
43.092
24.562
2139.36
5402.98
507.617
75.781
129.66
114.442
58.388
138.382
129.429
44.686
6711.23
2236.31
420.215
49.144
63.515
29.147
60.46
2190.81
58.066
76.059
41.944
77.163
116.353
94.788
98.484
137.11
2213.36
426.892
53.142
84.758
65.796
14.675
144.627
147.951
40.502
47.388
47.56
422.341
51.993
44.711
493.708
296.335
194.935
128.251
71.045
157.177
85.689
48.618
2396.43
52.642
92.53
30.999
401.733
79.793
38.686
79.26
28.71
23.775
2192.47
80.539
410.076
69.349
25.288
54.983
91.941
10.83
22.606
2143.58
55.785
391.68
39.116
108.328
556.421
135.96
187.011
65.544
76.643
2505.59
195.284
3161.39
381.842
28.304
63.459
71.055
37.384
16.973
32.831
61.313
407.788
33.564
29.753
2129.38
396.476
36.883
2137.4
111.924
96.246
112.656
2176.55
385.768
2105.85
55.911
72.334
728.608
624.382
2210.6
376.342
15.565
25.952
1.989
2194.86
2252.18
455.285
382.154
2133.2
28.543
48.839
2203.14
416.166
2137.83
394.399
2130.73
451.796
389.659
2198.29
2130.1
575.493
2229.29
395.276
2134.9
2131.32
397.512
382.784
2140.03
410.046
448.437
2157.78
377.948
2120.64
388.133
382.293
397.535
380.61
511.257
2211.57
2125.02
2130.18
2112.36
2124.09
382.453
2120
2109.14
380.553
381.963
2108.22
2111.51
373.65
366.323
2112.31
371.494
2120.21
2116.15
2137.24
373.611
2142.65
385.351
2121.62
381.097
2115.12
390.384
371.311
2145.05
366.788
2119.58
380.579
2107.63
381.351
2122.29
381.424
371.145
2140.04
2132.6
383.963
2132.8
394.974
2118.17
2128.54
414.241
2139.28
2122.46
420.999
381.538
2127.28
2148.83
443.123
2181.74
380.848
2175.61
379.788
2129.78
367.69
2126.73
