561.768
2237.18
2167.85
431.437
2261.87
2189.66
438.725
477.42
2223.84
2158.85
434.401
435.088
2167.01
2226.19
438.77
2164.81
436.253
2171.36
439.68
1436.84
502.222
215.61
215.543
202.854
253.436
319.903
289.33
175.018
231.267
601.109
255.024
352.367
3704.6
2213.87
139.228
145.298
141.583
162.89
137.359
141.549
445.412
127.969
174.963
186.983
158.565
176.712
2239.11
151.768
149.372
132.932
141.769
124.427
131.315
2186.47
133.126
447.244
140.23
126.369
139.342
143.369
229.972
120.064
128.276
119.539
2190.18
139.269
148.104
142.602
153.202
154.732
138.044
522.109
135.275
151.736
128.479
126.571
2218.1
159.395
142.238
459.239
143.067
2192.7
185.164
193.339
547.376
227.586
134.66
137.385
133.201
124.354
481.574
151.348
117.553
150.629
146.738
155.805
141.001
2206.57
468.101
140.616
147.149
128.447
128.286
145.884
526.933
283.028
406.519
606.534
500.361
307.311
408.755
204.539
295.692
504.373
288.308
603.191
2281.65
175.364
147.977
148.654
193.269
2194.95
155.568
144.985
468.987
313.161
370.792
262.775
251.209
299.694
368.06
192.146
385.377
223.346
155.806
270.247
2300.09
221.195
212.346
139.461
276.164
149.297
266.212
225.452
2248.82
461.312
152.746
151.13
134.018
180.898
159.978
174.629
148.29
469.823
197.639
217.398
218.282
2232.37
149.261
134.029
157.687
2212.95
521.547
195.375
199.015
178.511
151.361
2263.2
175.681
169.05
172.03
490.637
131.149
139.78
136.932
155.222
2198.26
463.562
180.372
153.978
166.262
177.216
2205.43
141.863
146.415
146.453
464.744
139.995
2217.41
184.944
133.71
2247.11
201.35
191.127
231.198
240.302
208.009
225.129
480.639
178.14
177.305
191.619
210.216
2264.92
180.426
163.293
2189.4
221.852
224.345
217.648
514.405
155.539
163.265
205.697
245.115
169.445
169.142
179.514
253.817
212.487
2221.58
152.444
176.84
536.12
177.129
161.959
206.772
235.25
216.458
2261.17
216.688
209.824
158.677
212.718
173.79
489.337
163.449
2234.04
157.307
470.48
239.254
159.955
152.13
275.181
226.585
248.012
269.925
171.575
234.408
143.851
2245.76
175.968
172.861
168.9
2201.82
156.88
183.701
439.412
2218.57
143.806
131.646
146.728
233.906
164.937
196.603
218.984
224.481
215.217
191.483
2243.7
500.314
138.272
155.764
182.849
136.091
142.092
142.66
466.925
133.221
2226.26
486.717
179.239
173.601
152.563
2253.93
490.835
184.96
222.737
134.931
475.215
157.08
199.512
130.941
167.165
531.296
198.857
199.707
205.072
482.6
147.528
142.511
127.384
140.277
169.891
499.876
216.2
160.76
224.834
147.122
182.775
161.073
143.904
134.816
162.913
154.655
165.285
151.069
581.451
561.625
154.886
363.819
143.804
227.196
245.692
476.238
368.415
520.147
226.214
587.503
2272.07
477.572
194.305
208.921
179.417
2210.74
2643.56
541.056
2619.98
3024.51
2421.54
3220.85
3261.37
6226.69
7046.01
3637.97
4080.82
2614.94
5941.41
2280.96
549.45
2386.64
1249.8
196.458
1249.75
166.837
2230.02
443.87
173.347
271.477
470.691
2177.66
2200.09
465.823
474.506
454.08
2262.21
453.394
515.989
2254.55
2214.9
608.749
2224.07
488.353
196.132
2194.74
461.25
225.112
163.974
178.507
148.269
216.027
207.512
2219.14
498.581
480.628
150.677
154.949
186.725
2231.7
160.582
238.16
2182.45
482.175
127.547
159.103
217.954
233.212
539.536
247.589
2305.12
1701.24
455.947
1059.78
538.31
121.627
210.73
2180.18
120.123
127.975
2188.84
2182.55
136.63
188.96
517.907
2252.58
169.24
150.563
2180.97
2213.55
2245.06
573.418
178.52
142.027
454.588
2184.98
461.291
137.545
2201.16
174.799
2186.86
458.842
164.076
2206.33
456.445
143.384
2192.89
2200.39
457.439
131.185
2203.32
553.678
2249.55
449.811
140.485
2180.2
2211.04
125.968
2247.65
496.049
2223.99
132.347
463.688
2191.43
2185.78
126.358
2175.42
447.485
2193.96
2183.65
457.096
2187.59
2185.13
511.678
467.839
462.997
2226.46
2177.05
490.221
2259.45
2184.8
462.689
2200.04
555.798
453.532
455.667
491.69
453.817
448.42
456.457
465.293
454.353
2222.64
460.024
2184.22
2165.88
545.589
456.399
2214.05
2183.53
445.875
2167.2
502.32
2197.3
444.118
2196.16
444.825
449.744
2173.88
2184.16
2194.05
452.243
438.114
2194.51
473.651
444.688
2197.51
576.801
2257.1
461.677
2182.05
2181.65
446.768
2190.17
462.963
2199.52
455.344
2171.55
2221.53
2246.96
2207.58
2180.2
2169.17
510.12
2232.6
460.601
2180.93
468.067
2184.53
455.338
2198.87
492.289
449.292
2178.52
554.573
2187.87
472.309
444.877
2200.41
434.811
2182.11
2163.22
2171.64
465.321
2202.51
492.075
458.853
433.679
506.375
481.708
453.833
429.536
544.667
561.983
2251.87
486.501
2221.61
466.974
2181.85
431.339
2170.36
2170.84
457.328
453.128
2189.05
2211.74
468.564
2173.38
442.385
434.636
2169.96
433.007
2174.7
2183.97
454.305
442.173
2179.6
437.211
2172.72
440.338
2166.19
446.77
2174.31
445.316
2264.05
2172.25
2162.63
2178.01
2184.48
2176.54
483.869
2216.36
2221.33
435.941
2175.86
