492.379
2262.05
493.27
2211.28
528.565
2209.64
444.77
2187.55
439.551
2176.24
466.874
2218.75
444.802
2185.98
2241.65
506.537
2230.65
466.194
2184.62
441.641
2175.95
2169.15
541.422
2234.72
570.48
2194.57
36.125
22.352
2180.71
38.062
518.04
28.804
2202.89
59.259
32.773
2182.18
584.278
64.944
47.184
38.337
47.609
46.108
36.597
56.348
64.625
2193.82
64.929
68.004
465.197
51.697
69.716
2198.55
57.384
71.196
99.562
781.156
179.425
57.104
121.147
229.346
88.214
487.485
91.427
72.081
58.392
142.199
54.922
148.703
82.896
490.367
2183.94
39.394
60.194
2208.49
5255.73
652.09
197.349
66.69
241.929
403.573
157.933
354.533
116.852
421.233
267.327
212.447
222.756
538.265
150.618
2234.34
552.307
243.088
109.851
185.006
175.244
213.02
185.229
179.916
112.867
65.922
75.155
2231.18
476.87
41.479
74.075
77.561
491.863
53.938
98.06
484.395
44.802
93.533
70.337
185.035
53.486
552.544
119.345
138.052
153.018
166.514
2324.42
469.888
91.56
88.41
86.814
91.389
2214.15
122.541
123.31
98.614
138.697
188.45
715.66
431.309
296.574
369.187
271.882
266.287
556.826
420.731
621.46
345.539
303.972
278.854
375.781
317.866
2353.54
463.423
129.828
119.375
165.356
186.302
85.046
114.842
108.765
59.147
90.913
77.048
2240.78
84.461
99.503
115.643
111.79
496.116
81.264
482.374
70.64
84.764
94.574
98.718
91.242
88.695
2243.7
108.514
64.366
51.254
110.162
491.845
2231.59
78.366
76.823
79.033
470.388
72.343
85.32
83.646
102.106
1838.82
539.75
101.55
264.786
272.37
211.107
311.76
449.687
44.706
365.847
1337.34
102.656
261.03
649.99
276.564
2265.76
113.595
50.431
70.539
75.109
52.79
483.094
78.703
2176.23
569.975
74.656
78.086
120.97
79.106
81.559
45.868
122.521
92.647
63.456
2243.44
673.413
252.8
279.135
261.726
233.802
617.019
123.264
175.936
224.264
112.496
169.87
167.703
2373.26
96.817
129.341
74.601
64.957
61.287
2263.66
76.85
81.331
83.725
63.649
76.049
476.318
86.617
69.622
167.217
2280.72
475.81
86.002
97.814
87.108
83.189
115.287
103.27
85.86
121.792
149.866
136.605
146.292
82.818
72.08
66.605
47.035
630.618
2404.63
448.793
2235.68
2220.32
2216.87
482.978
495.789
86.559
89.18
612.15
75.197
2314.97
138.126
713.731
147.342
355.719
283.541
501.792
563.842
393.119
409.021
705.347
610.403
195.68
289.099
154.044
2618.24
518.628
136.36
147.39
112.264
120.647
133.858
67.871
73.885
50.605
81.866
57.173
42.359
69.441
530.673
176.538
93.791
102.805
146.862
141.102
58.973
125.813
73.852
94.558
89.288
53.769
103.28
60.926
106.499
70.331
57.335
542.917
55.389
96.574
88.255
85.068
462.279
100.818
119.86
110.872
83.402
525.72
83.562
104.748
162.674
91.744
118.8
2204.34
477.549
2238.81
69.804
63.603
2247.13
60.326
121.94
64.834
97.676
85.666
2187.24
523.55
92.199
83.726
133.673
169.983
2211.97
461.048
104.247
37.716
72.854
2175.71
497.06
109.096
1636.86
141.317
487.22
305.008
70.475
165.699
120.968
2175.56
487.951
116.28
2205.18
39.74
2191.72
607.32
190.862
340.529
143.854
2421.67
1430.35
147.033
2318.16
69.043
2249.16
97.053
485.32
42.03
2210.64
81.174
499.244
47.452
106.785
38.412
2186.79
521.725
90.688
30.778
58.613
2215.59
2305.44
567.902
35.703
52.648
2233.47
62.629
499.274
2234.65
41.173
104.843
447.236
2348.8
2181.33
458.55
439.101
2168.94
2184.36
448.102
451.869
2174.32
450.748
2176.99
436.142
2173.73
451.666
448.214
2163.46
2178.11
444.381
2178
522.414
2181.99
441.665
434.777
2183.42
445.369
451.454
454.203
2166.17
446.562
2174.18
496.829
2206.26
491.708
2187.23
436.306
2188.07
442.653
2179.55
2690.84
522.503
2219.07
478.284
437.337
458.21
497.253
469.663
437.106
454.584
2181.94
452.547
2165.83
453.037
2179.54
2160.82
457.879
468.099
2185.03
446.491
448.21
2232.67
2178.74
2203.73
473.69
2178.04
440.622
2228.77
447.044
2194.82
2165.57
462.333
2174.33
468.277
2177.8
2186.61
467.818
2201.84
463.943
2189.16
2192.68
436.126
2210.07
2172.76
467.409
2193.95
454.736
442.451
2181.15
446.681
2205.17
461.067
2181.64
515.244
436.433
2184.05
2184.03
457.025
2231.93
441.575
605.582
2250.7
2205.84
2164.69
2174.14
458.558
2181.02
479.046
487.405
5343.56
3097.21
484.424
464.16
470.082
474.492
470.836
491.613
2178.42
455.907
450.583
2239.42
2177.04
445.853
434.297
2201.52
473.735
2174.78
2187.46
566.073
2218.93
454.861
2172.23
478.24
2176.29
496.983
2220.29
462.071
2181.03
477.057
444.547
2166.72
2176.59
2185.34
451.479
2182.99
498.277
2228.27
2180.91
463.434
441.447
2183.28
435.191
458.528
2253.39
469.179
462.804
2213
2209.2
448.464
2244.11
2173.97
2215.38
2175.58
3358.72
494.428
10001.6
2305.96
448.716
446.661
532.529
2353.2
466.165
2184.02
2180.06
460.253
2187.27
461.809
451.345
2331.03
2300.96
489.942
2197.11
465.574
2187.4
442.544
446.731
2307.14
2170.47
452.302
440.952
440.546
2176.43
513.675
2220.96
453.125
477.258
2209.95
509.771
2215.87
2212.2
453.512
475.919
2309.49
2172.04
462.163
460.039
2176.57
453.109
457.562
2167.23
2182.03
470.365
2173.74
900.906
462.955
2220.57
451.477
2182.69
437.807
2201.18
2183.53
477.441
450.794
2256.81
2178.14
475.819
2213.73
2207.45
437.841
2198.6
459.618
2178.4
2182.21
448.985
2189.45
2247.59
463.309
10226.5
2207.76
453.476
2190.21
444.902
2169.85
450.137
2194.36
